0.0
0.0
0.0
0.0
0.0
0.0
0.0
0.0
0.0
0.0
0.0504730157554
0.055858630687
0.0646654590964
0.137896120548
0.0535899326205
0.101815484464
0.0801244527102
0.134019121528
0.118993803859
0.150829091668
0.175941646099
0.118470489979
0.0882723778486
0.0747243762016
0.0681989341974
0.066975928843
0.0904252827168
0.124347552657
0.267566055059
0.097147218883
0.0906036198139
0.0523518249393
0.0871128067374
0.0850494652987
0.048244446516
0.0311622321606
0.0350739322603
0.1663954705
0.0531452447176
0.138339951634
0.0613137260079
0.26709201932
0.123381793499
0.0442379526794
0.0219870451838
0.0105481613427
0.123562201858
0.0524705424905
0.100506365299
0.0487524755299
0.111928366125
0.0474144183099
0.0345065370202
0.0619219690561
0.0120372409001
0.0761393979192
0.0387231297791
0.0544296763837
0.010679143481
0.0211893431842
0.0084194149822
0.000151164276758
0.0307477414608
0.0128156999126
0.154342859983
0.069654352963
0.0361390002072
0.00845602434129
0.0553000196815
0.0321263447404
0.00257145194337
0.0602396130562
0.0371483154595
0.104622542858
0.0252749957144
0.0164482612163
0.0107231801376
0.0120772495866
0.00789513625205
0.000601955980528
0.0374472849071
0.0212484356016
0.00647166511044
0.0133410012349
0.00603652885184
0.039601828903
0.0320122800767
5.37481319043e-05
0.00206742598675
1.02481681097e-05
0.00395799335092
0.000870707677677
0.00371882109903
0.000907366105821
0.0191245414317
0.00349867437035
0.00303603895009
0.00921173486859
0.00891721621156
0.0083119282499
0.000298281694995
0.00281935255043
0.0033620018512
0.000432447617641
3.18745151162e-07
0.000157582457177
0.0152762243524
0.00244569545612
0.00339879491366
0.00172051414847
0.00528989639133
0.000420082797064
0.0033388347365
0.0471563749015
0.00136080838274
0.0117348358035
0.0109825246036
0.00769368605688
0.0713481903076
0.0346292853355
0.022362453863
0.00961420498788
0.014841732569
0.0104650072753
2.98584163829e-05
0.0486487708986
0.0483473241329
0.0132092479616
0.000539334607311
0.0167952608317
0.00266629923135
0.00560757284984
0.000616411154624
0.0100861033425
0.000348612025846
0.0116269653663
0.0538344085217
0.023263560608
0.00166374561377
0.00330626778305
7.54047723603e-05
0.000216000509681
0.0220274627209
0.00263451808132
0.0166341364384
0.0419279932976
0.0145024647936
0.0123636713251
0.0024239870254
0.0268231574446
0.00831274874508
0.02573688142
0.0157677643001
0.00187084556092
0.00670480821282
0.000958834949415
0.00252211256884
0.00316415540874
7.14297275408e-05
0.0377274900675
0.0158907268196
0.000324475695379
0.000101550729596
0.000400181656005
0.00494287954643
0.0125440778211
0.00536287715659
0.00364494696259
0.00689271651208
0.00114850036334
9.79067499429e-06
0.000160172916367
0.00444645900279
0.00967764481902
0.00746339512989
0.00103693455458
0.010170545429
0.0047699790448
0.00586172891781
0.0287808962166
0.00412588287145
6.54209288768e-05
0.00728228362277
0.000241496352828
0.020965334028
1.47762821143e-05
0.0697330459952
0.020204635337
0.000936061609536
0.0227547865361
0.0010008251993
0.0080925244838
0.0010592933977
4.058003924e-07
0.0101107209921
0.0439171567559
2.40898825723e-05
0.0143481846899
0.0119309416041
0.00304752145894
0.00904378574342
0.000632443116046
0.0209656618536
0.00107683066744
0.00014324982476
0.00432677892968
0.000457708956674
0.00511444546282
0.012992111966
0.0016334002139
0.00113401864655
0.00542120216414
0.0234372150153
0.0010965479305
0.00513625936583
0.00133510422893
7.9117489804e-05
0.00871072150767
0.00201318762265
0.000504094816279
0.0197818782181
0.000396331277443
0.00139566813596
0.000200040187337
0.000822437927127
0.0394203327596
0.0149836027995
0.00138364743907
0.00729740317911
0.00705626886338
0.000919625221286
0.00855141598731
0.00916600320488
0.00971348118037
0.000118562398711
0.00400473782793
0.000142323217005
0.00269827991724
0.0106651969254
0.0854333266616
0.0262628030032
0.00192790466826
0.00733834691346
0.00472702877596
0.0035137378145
0.00118825223763
0.00202986737713
0.00258236564696
0.00739657599479
0.00621771765873
0.0318175777793
0.000927368644625
0.000253141362919
0.00246694125235
0.00803271587938
6.89935404807e-05
0.017632432282
0.0373651944101
0.0289883092046
0.000175853871042
0.000626100460067
0.0110623985529
0.000411158893257
0.0100977616385
4.16874718212e-05
0.000654471514281
0.00677654892206
0.0153358522803
0.00235460395925
0.00489454716444
0.000421949109295
0.0185261778533
0.0002161503362
0.00905752554536
0.0303374268115
0.00569259934127
0.0157750397921
0.0011759911431
0.027793392539
0.00419508526102
0.0140347201377
0.00641271611676
0.00292034260929
0.0458158180118
0.0128644295037
0.00389493699186
0.00157893565483
0.00763001898304
0.00185567350127
0.000680603901856
0.000101876539702
0.00701531209052
3.76475727535e-05
0.002285071183
1.95599625386e-07
7.95586747699e-05
0.00169379136059
0.000115166127216
0.00162314705085
0.00282597728074
0.00088898150716
3.6323808672e-07
0.0005490956828
0.0152087146416
0.00434627896175
0.000235879182583
0.0012535242131
0.0120757762343
0.0131879588589
0.034318074584
0.00527245737612
0.0050629042089
0.000532141362783
0.000341338687576
0.00850134249777
2.57296942436e-05
0.0011235952843
0.000951446301769
6.46666990178e-07
0.0167741402984
0.00398288248107
1.99670262191e-06
0.00556354783475
0.00210101017728
0.00104674254544
0.00972095504403
0.00173693988472
0.000929684378207
0.0146451815963
0.00337516143918
0.000613477197476
0.000545432674699
0.00683068856597
0.000948328815866
0.00246498174965
0.00112630613148
0.000838687876239
0.000200145572308
0.00369534478523
0.00125113327522
0.006871227175
0.00783487595618
0.0102365240455
0.00806178711355
0.00134053488728
7.58847181714e-06
0.000365082523786
0.00038027856499
0.00282227923162
0.00173914025072
0.00448818970472
0.0108092073351
0.00966619700193
0.000760044611525
0.00411153025925
0.00786117184907
0.02358270064
0.0270465239882
0.0572401955724
0.037346933037
0.0011578820413
2.98786144413e-05
0.0104741370305
0.00317840906791
2.9119755709e-06
0.0141732068732
0.0444628745317
0.00919456966221
0.00218178378418
0.00422362424433
0.0039950045757
0.000859716674313
0.0115589899942
0.0079345786944
0.00313018076122
0.00393645325676
0.000675322604366
0.0125759812072
0.000268829346169
4.59506009065e-05
0.00694048777223
0.0007747663185
0.00576471770182
0.000282423832687
0.0034036510624
0.000795393018052
0.00239634909667
0.0109355831519
0.0216658711433
0.0105070183054
0.000731637410354
0.0111087700352
0.0128384493291
0.00553031126037
0.0054137352854
0.0196157954633
0.00470391567796
0.015515608713
3.02023599943e-05
0.0011095876107
0.00451150769368
0.000177266003448
0.0067514940165
0.00395932467654
0.00224339892156
0.00901647377759
0.00560543965548
0.0118604423478
0.000377568212571
0.0359905697405
0.00760978972539
0.0070326263085
0.00285501545295
8.31399302115e-05
0.00406369380653
0.0232436899096
0.00685704452917
0.0258462633938
0.0141456592828
0.00190172612201
0.00281842215918
0.00731767248362
0.00555633893237
0.00895267724991
0.00218891119584
0.000277929269942
0.0041289194487
0.00249284482561
0.000948802451603
0.00113236741163
0.00506511004642
0.00720407720655
0.00156513904221
0.0101684294641
0.00340957916342
0.0292726475745
0.000109325352241
0.00625228649005
0.0043496391736
0.00321244611405
0.000405890634283
0.0120161669329
0.00219179294072
0.00467290217057
0.00297610810958
0.00711536314338
0.00704000098631
0.00040533603169
0.0251267701387
0.0213962569833
0.000292958837235
0.0146783664823
0.0110574467108
0.0124992299825
1.44921875744e-06
0.0083895009011
0.000457336660475
0.00506527954713
0.00144298677333
0.00654225191101
0.00426795426756
0.0172051955014
2.92083132081e-06
0.000326213077642
0.0245649088174
0.012721487321
0.00284756161273
1.27946723296e-05
0.00198850687593
0.000397554424126
0.00194925360847
2.53402522503e-05
0.00145425717346
0.000997394323349
0.000879287021235
0.00110417394899
0.00206178193912
0.0122829079628
0.00500071793795
0.00381689425558
0.0104210358113
0.00355712044984
0.000374999101041
0.00659111281857
0.0112311113626
0.0705540925264
0.0135273719206
0.00137152860407
0.00370455370285
0.0044826050289
0.000634034513496
0.000413868197938
0.00191808724776
0.0136350374669
0.00111190986354
0.00226895883679
0.0250862631947
0.0154121518135
0.0112609276548
0.000493007537443
0.0159540940076
0.00740946130827
0.00808266643435
0.00194433308206
0.00264365039766
0.0151774464175
0.0147041361779
0.00988304056227
0.00125509581994
0.00987268611789
0.000681047153194
0.00345090101473
0.00614615576342
0.0179346501827
0.0116386851296
0.00741382269189
0.00354080786929
0.00228092749603
1.88756565933e-10
0.00122651690617
5.8987418015e-05
0.000138054048875
0.00593219138682
0.0114303771406
0.00949062313884
0.000580109481234
0.00506477057934
0.0112181790173
0.00663475552574
5.54760736122e-05
0.00702992733568
0.0174308698624
0.00131090299692
0.00628910213709
0.0086774257943
0.0092203868553
0.0169256329536
0.0015738097718
0.0010630718898
0.0201065093279
0.00251935631968
0.00337633211166
0.000302982894937
0.00025363379973
0.000183126656339
0.00526758516207
0.014594912529
0.000942101993132
0.00500455871224
0.0019256885862
0.0079333204776
0.000227625016123
0.00897838454694
0.00171090522781
0.00142699410208
0.000355755153578
0.0165397077799
0.0230342950672
0.00461652735248
0.00589344184846
0.00304805627093
0.000950953632127
0.00689369626343
0.000991177046672
0.000634231138974
0.0013804321643
0.0201686359942
0.00673647690564
1.59948194778e-05
0.00255853193812
0.0101758539677
0.00454279733822
0.000423070130637
7.12308828952e-05
2.14944720938e-05
0.0004201719712
0.000983481411822
0.00176955899224
0.000775357009843
0.000413252419094
6.86943385517e-05
0.000416866241721
0.00912997871637
0.0292067043483
0.0176664255559
0.00479740602896
0.00143837602809
0.00963619258255
1.51623171405e-05
0.00509125739336
0.012273747474
0.000479891925352
0.00210800464265
0.00826281588525
0.00925378408283
0.00377862341702
0.0120600415394
0.00153307954315
0.00411172537133
0.00404844479635
0.00141940731555
0.030897224322
0.0111907338724
0.020764933899
0.0109766162932
0.022255577147
0.00109628343489
0.000517124135513
0.00720823649317
0.00533333234489
0.0297922734171
0.0171265788376
0.0359626337886
0.0201391130686
0.00119787291624
0.00858232099563
0.00372248585336
0.0236992370337
0.000208405166632
0.00672956602648
0.00349015113898
0.0021282134112
0.00178941735066
0.00205832719803
0.000673270260449
0.0102261938155
0.0314820930362
0.0119562288746
0.0681116878986
0.0179710350931
0.0141592454165
0.00599544355646
0.0119259161875
0.0198269132525
0.0254888553172
0.0366198569536
0.0181469488889
0.0432428047061
0.037957508117
0.02402019687
0.0167580097914
0.00816688779742
1.50353389472e-06
0.00938730314374
0.0223902557045
0.0198399089277
0.00173355813604
0.0270970985293
0.0415582358837
0.0237213280052
0.00451225275174
0.0154378097504
0.00800884328783
0.00176843092777
0.00504196202382
0.00401358958334
0.000395031820517
0.00454183295369
0.0309574659914
0.026558874175
0.0155207989737
0.0414820387959
0.0517294406891
0.0182091966271
0.0370791405439
0.0343820936978
0.049367915839
0.0108225969598
0.000465874385554
3.77782489522e-05
0.0131545839831
0.0064458604902
0.00305479764938
0.00147873046808
0.00411380873993
0.000402617763029
0.0210993699729
0.00341489911079
0.00577843375504
0.0125953257084
0.0107975788414
0.0112847667187
0.0333082526922
0.0116633521393
0.00865859724581
0.000663818442263
0.00319851213135
0.00675577530637
3.33172977207e-07
2.22567650781e-05
0.00218013580889
0.0203502997756
0.00345735717565
0.000159759030794
0.00215710187331
0.00109887227882
0.00177400233224
0.000810359895695
0.00881525035948
0.0363436788321
0.000165863631992
0.000939025485422
0.00319249439053
0.0108267087489
0.0128429001197
0.0169179812074
0.00880609732121
0.0230540279299
0.000360952195479
0.0205853488296
0.0002601990127
0.00175478414167
0.012976674363
0.0088159609586
0.00272994395345
8.98725556908e-06
0.00714280642569
0.0106431161985
0.0318550765514
0.00295706442557
0.00081718666479
0.00212263246067
0.012565381825
0.00275349477306
0.000856828468386
0.000542094174307
0.00141158106271
0.00410852674395
0.00113494414836
0.000274530408205
0.000729361083359
0.00698910700157
0.0120648993179
8.91170639079e-05
0.000994715606794
0.00634300941601
0.00667142262682
0.00271833688021
6.88055479259e-06
3.3242682548e-05
0.00787631515414
0.00725803663954
2.24992527365e-05
0.00509311631322
0.0111285801977
9.56630628934e-06
0.00359117938206
0.0151364263147
0.000664071820211
0.00577622279525
0.0279919877648
0.0540799982846
0.0065472763963
0.00122350442689
0.000509032979608
0.00128547812346
0.00770847825333
0.0263528972864
0.0446700416505
0.0119435815141
0.0230214595795
0.0160179622471
0.00209330720827
0.000126890372485
3.31475566782e-05
0.00447272136807
0.0318719111383
0.0143402824178
0.0032884425018
7.37816662877e-07
0.00194445392117
0.00397182721645
0.0108240544796
0.000562221219297
0.00640458986163
0.000677530071698
0.00223547290079
0.000317421799991
5.11633402311e-07
0.000432381930295
3.03279484797e-05
0.000129310181364
0.00599034456536
0.000248940748861
0.0214742999524
0.00586583185941
0.00658213207498
0.00335283228196
0.00575583754107
0.0122416820377
0.00507472269237
0.00410409271717
0.00257908040658
0.00286768283695
0.0329972468317
0.0465664453804
0.0739432871342
0.0630694106221
0.0140291564167
0.00060113298241
0.0105849569663
0.0155134340748
0.0057680895552
0.000205213102163
0.0292983520776
0.00365708768368
0.0046120416373
0.00168709119316
0.000735188601539
7.15723581379e-05
9.67390442383e-05
0.0203975271434
0.0090874619782
0.0498789325356
0.0119367949665
0.00170451099984
0.00240059942007
0.0177413634956
0.0078162048012
0.0104939537123
0.00630586082116
0.0244335215539
3.95350944018e-05
0.000934936746489
0.00204911339097
0.00213532755151
0.00533541338518
0.0158099979162
0.016681201756
0.0076293265447
0.0100626880303
0.0219766255468
0.00130167626776
0.0148653341457
0.000652289774735
1.46612592289e-05
0.00368852145039
3.8235498323e-06
0.000276074191788
0.00479720765725
0.000492346065585
0.0212935972959
0.00967378728092
0.000246973504545
0.00195835111663
0.00144226232078
0.00336487451568
7.58474343456e-05
0.000178142407094
0.00188575335778
0.025270730257
0.00426921574399
2.44492912316e-05
7.04221929482e-06
0.00466747675091
0.000695098133292
0.00333035364747
7.47225931264e-05
0.000293201184832
0.00593004049733
0.00157651724294
2.72802867585e-06
0.00218437914737
0.00871976930648
0.0118170324713
0.00620773853734
0.0210197307169
0.0133339110762
0.0127202030271
0.0353939458728
0.00142901681829
0.00137546937913
0.00846211519092
0.000268296018476
0.000457204121631
0.00148557324428
4.94994310429e-05
0.00165628769901
0.00197153002955
0.00416943989694
0.000931701855734
0.00400950666517
0.000557806284633
0.00033972071833
0.000196943205083
0.000905786815565
0.009751255624
0.00252116960473
0.020970987156
0.0314507968724
0.0253132265061
0.0516214258969
0.00793233793229
0.000642041151877
0.0116616655141
8.35965329316e-05
0.000649016408715
4.5816959755e-05
0.00132753374055
0.00350555614568
0.0185253825039
0.00448697153479
0.0169700495899
0.02115502581
0.00101089326199
6.09276357864e-05
1.61695497809e-05
0.00870405323803
0.00510382838547
1.11712085982e-06
0.00734135508537
0.00360101251863
0.00431006960571
0.0232467539608
0.00335420621559
0.0123212253675
0.0128067936748
0.00882934127003
0.0269462987781
0.00244446052238
0.00502252904698
9.17170473258e-06
0.0116241825745
0.000109983215225
0.00534290447831
0.0228868145496
0.00344039779156
0.00312613369897
5.57596758881e-05
0.000995164969936
0.00142124481499
0.00701183779165
0.000823552836664
0.00571481883526
0.0127543024719
0.000253729667747
0.00574161065742
0.0183367580175
0.0155722051859
0.0237133055925
0.0163433048874
0.000747102196328
0.000830933044199
0.0179653633386
4.81436518385e-06
0.0124534647912
0.0126334577799
0.00438123103231
0.00543844560161
0.00482807541266
0.00184628274292
0.0177243705839
0.0136844497174
0.0106730153784
0.0848074257374
0.0290899109095
9.33629271458e-05
0.000133382054628
0.000410857988754
0.00456999149173
0.00863025058061
0.00298659736291
0.00400660512969
0.00451554823667
0.00328605039977
0.00272900657728
0.019000031054
0.0338236801326
0.00450913002715
0.000511983642355
0.00451059127226
0.0285630747676
0.0315684713423
0.0200588945299
6.20484133833e-05
0.00638807239011
0.00020044419216
1.749594594e-05
0.000699524127413
0.00195224164054
0.00680220546201
2.43724298343e-05
0.00707001471892
0.0155612360686
0.00711026089266
0.0113172149286
0.000640210462734
0.0095717580989
0.00529609294608
0.00121616618708
6.42131772111e-06
1.41354339576e-05
0.00040055255522
0.0197353027761
0.0039691682905
0.00259036221541
0.00599829107523
0.00720651587471
0.000674077833537
0.00263785687275
2.69248084805e-05
0.0106535591185
0.0073832818307
0.000852884724736
9.14190313779e-05
0.00591107178479
0.00219228118658
0.00556042278185
0.00335865374655
0.00100502511486
0.0031217362266
0.0339262448251
0.0667071789503
0.0658997744322
0.0262895859778
0.00827834103256
0.00181840860751
0.00731573486701
0.00756664806977
0.0103610549122
0.0011704339413
0.00136702589225
0.00775930797681
0.00912357307971
0.00106547528412
0.000908508372959
0.00245127873495
0.00192917417735
5.58883766644e-05
0.000144798483234
0.0043215053156
6.95680500939e-05
0.00280669797212
0.0137554313987
0.00308490288444
0.000126053826534
2.40366680373e-05
0.00192489090841
0.0108361747116
0.00475559430197
0.00138775876258
0.00577090587467
0.0170848015696
4.61852459921e-06
0.00596822611988
0.00195739092305
0.0307740326971
0.00644666422158
0.0185911525041
0.00546972081065
0.0116346729919
1.62943456417e-06
0.0037055585999
0.0223731603473
0.0203091669828
0.0408184342086
0.025391580537
0.0204391758889
0.00983752030879
0.000439422932686
0.000902460422367
0.0129520315677
0.0144745195284
0.00366494967602
0.0173342097551
0.00547423586249
0.00914561375976
0.000982711440884
0.0010988288559
0.000391366687836
0.000657832017168
0.0105671193451
0.00797787122428
0.00234878528863
0.00560949230567
0.000900220009498
7.23510238458e-05
0.0100976778194
0.0372631512582
0.00889228284359
7.41979820305e-05
0.0246864296496
0.00182578957174
0.00582538731396
0.049255926162
0.0762244984508
0.0318157821894
0.00821795035154
0.003713803133
0.00562308495864
0.0197792798281
0.0118420692161
0.0310792066157
0.0117823677137
0.00148138578515
0.00736973667517
0.000246092851739
9.24907144508e-05
8.24105518404e-05
0.00663780467585
0.0153310839087
0.015533098951
1.11777480925e-05
9.49743553065e-05
0.0113521041349
0.00041101386887
0.0152742210776
0.00697722751647
0.00817916821688
0.00248441216536
0.00192112964578
0.00026088982122
0.00567901274189
0.00336147658527
0.00325494608842
3.31973351422e-05
0.0182594209909
0.0087714465335
0.00239763618447
0.0037901699543
0.0052488874644
0.000218502580537
0.014244091697
0.0014249458909
0.000156957554282
0.0036827896256
2.70802938758e-05
0.00286693591624
0.000667452230118
0.000243297574343
0.00827610678971
0.0263747498393
0.0648499876261
0.00821224041283
0.00173723546322
8.66601403686e-05
0.0029306653887
0.000239413988311
0.0040781297721
0.000291968026431
0.0160089042038
0.000909989350475
0.0203093718737
0.00748739438131
4.64964541607e-05
1.39505777952e-06
0.00523098185658
0.0057017817162
0.00176310609095
0.0123827997595
0.00658227223903
0.00358024705201
0.031666148454
0.0172325074673
0.00961589161307
0.00451086321846
0.000750359205995
0.00227905763313
0.000166473691934
0.000817742256913
0.00170641613659
0.00247743236832
0.0151296444237
0.0189476646483
0.00562135083601
0.0142584722489
0.0148473894224
1.61238040164e-05
0.00196334999055
0.00128202699125
0.00156707561109
0.00325962365605
0.00173583463766
0.000716573616955
0.00114229531027
0.0098067028448
1.02305341443e-06
0.000385257939342
0.0183668211102
0.0171088911593
0.00292131211609
0.0102706225589
0.00409231707454
0.000300062150927
9.76420960797e-06
0.00620060740039
4.7090514272e-05
0.0107507323846
7.09203304723e-05
0.0103959944099
0.0354432947934
0.00342114735395
0.00804787315428
0.00968487653881
0.00415864773095
0.00526482565328
0.0122971804813
0.0317266136408
0.0259350743145
0.0136328451335
0.0389651246369
0.0448414571583
0.0243388321251
0.00340457959101
0.00546831032261
0.0335054285824
0.0192898195237
0.00768750766292
0.00569517211989
0.0125985434279
0.00173545221332
0.0385516174138
0.0513862743974
0.0202002562582
0.00946763623506
0.00906779617071
0.0148827880621
0.00102479394991
0.007308838889
0.0204568617046
0.00716728437692
9.71804070105e-07
0.00129564688541
0.00129593873862
0.00258370465599
0.0131857758388
0.00886061042547
0.000579516752623
0.00221746182069
5.6972812672e-06
0.002322149463
0.0212618093938
0.0195565689355
0.00117926998064
0.000296082784189
0.00926470477134
0.00803217571229
0.00388835929334
0.00544347520918
0.00664481427521
0.000155018322403
0.0071614170447
0.00185132643674
0.000297816557577
2.21512017617e-08
9.20264137676e-05
0.00282525504008
0.00573593052104
0.00117774563842
0.00105261127464
0.00553357414901
0.0269216764718
0.00483059789985
0.0271309595555
0.0210729539394
0.0387560613453
0.00016870906984
0.000425646168878
0.0111199235544
0.027717417106
9.12908504347e-09
0.00055109342793
0.00423675496131
5.88071889069e-05
0.00159083097242
0.0122736347839
0.000296025362331
7.02735860614e-06
0.0151004279032
0.0055043050088
0.00925396196544
0.00284067634493
8.4484461695e-05
0.00817717332393
0.0148830572143
0.00798027776182
0.0160275660455
0.0140365278348
0.00100602873135
0.0062291296199
0.00262136710808
0.00273964717053
0.0098840482533
0.0184465628117
0.000405796978157
0.00288361310959
0.0161974523216
0.040756970644
0.00189668941312
0.00870427582413
0.00612876657397
0.00365452538244
0.00219586328603
0.00173034833279
5.39356778972e-06
0.000569575873669
0.0118467919528
0.000831895449664
8.06223106338e-05
0.000630680064205
0.00309620890766
0.00353720178828
0.0077963671647
0.00235845800489
0.00221445970237
0.0166293475777
0.0010300478898
0.000390870438423
0.0169902667403
0.000408441614127
9.84389407677e-05
0.000286445778329
0.000196777618839
0.00174799188972
0.00510022649541
0.00803079269826
0.000424775964348
0.00155770347919
0.000273491459666
0.0055358489044
0.00246543763205
1.07966479845e-05
0.000601064297371
0.00128711340949
0.00133355183061
7.22324330127e-05
0.000301578722429
0.000155048750457
5.91220814385e-05
0.00320017756894
0.00152240705211
3.00263873214e-05
0.000254841725109
0.000348225963535
0.000171247840626
0.000980406999588
0.0246855858713
0.0449204035103
0.0123906806111
0.00901304464787
0.0048761498183
0.00784187298268
0.0281661357731
0.0085491836071
0.00536317378283
6.13548036199e-06
0.000444017263362
6.36024778942e-05
0.00400845566764
9.65872677625e-05
0.00633053528145
0.00737717840821
0.000298193161143
0.000331044051563
0.00889172591269
0.0237904042006
0.0120241520926
0.0113839115947
0.00202581961639
0.000300336832879
0.00190152076539
0.00319273700006
0.0189949534833
0.0152215370908
0.00476793758571
0.000297116494039
0.00963497534394
0.00325151928701
0.000578798062634
0.00268749753013
0.00184244557749
0.00292808469385
0.000361218379112
0.00201935949735
0.0138343432918
0.000646940781735
0.0208138860762
0.0378135703504
0.0504599623382
0.0115400608629
0.000505427247845
0.00242368178442
0.00353215541691
0.00046201000805
0.0184018388391
0.0412888526917
0.0320411249995
0.00868017412722
0.00453301612288
0.0348037108779
0.026447031647
0.0120086930692
0.00456113507971
0.00200384086929
0.0043301358819
0.000561619293876
6.15526660113e-05
6.67568310746e-05
0.00479675782844
0.000275525788311
0.000161864081747
1.71854426299e-05
7.32029229766e-06
0.00556072033942
0.00108551490121
0.00355694256723
0.00536466250196
0.00896177627146
0.00229150638916
0.00651890505105
0.00696100108325
0.020210981369
0.0190726965666
0.00915152579546
0.00434704683721
0.00292370305397
0.000165013407241
0.00268567795865
0.0247397441417
0.000860984204337
0.00120535655878
0.00676550343633
0.00163079716731
0.0181243289262
0.0300610549748
0.0258810408413
0.008365877904
0.00234823371284
0.00180696602911
0.0160571988672
0.000285912363324
0.0106746591628
0.0079141985625
0.000169356149854
0.00164351658896
0.00236530578695
0.000372438778868
0.0149409146979
0.00219771265984
0.0302318632603
0.00571754993871
0.000417779490817
0.00370769249275
0.00695990724489
0.00722072087228
0.00141041004099
0.0354362800717
0.00909276958555
0.0277436412871
0.00727015780285
0.0136636095122
0.00667287362739
0.019263163209
0.00113881693687
0.00781999435276
6.30553404335e-05
0.0023562614806
0.00211315252818
0.000332079449436
0.000240355613641
4.14212045143e-05
0.00803988054395
0.00659213867038
0.000369339453755
0.00110391841736
0.000513493956532
0.000361816753866
0.00381312449463
0.00165117578581
0.00500984769315
0.000305364490487
3.79947050533e-05
0.000628980749752
0.0232331696898
0.000478922243929
0.00603034347296
0.00600488064811
0.000608392991126
0.000191768122022
0.000817455933429
0.00101067917421
0.00153979414608
0.00993215944618
7.93719573267e-06
0.000967835076153
0.00764549523592
0.00190147396643
0.00132428458892
0.000931686430704
0.000799262314104
0.0050517139025
0.00120908429381
0.0172765944153
0.00360450427979
0.00332860322669
0.0055233631283
0.0088812969625
0.0115706687793
0.00636612949893
0.000165502264281
0.000811542966403
0.00595834851265
0.0022978936322
0.00765277817845
0.00246432190761
0.000598496582825
0.000339066260494
0.00732309836894
0.00330179324374
0.0107665648684
0.00987917743623
0.00917785894126
0.00563525781035
0.0108384145424
0.00459239399061
0.00435581291094
0.00848680082709
0.00361644849181
0.0124037740752
0.004618386738
3.06195170197e-06
4.09110469946e-07
0.00330651109107
0.00045836973004
0.00863355118781
0.000976553186774
0.0310783665627
0.0340100936592
0.00867163017392
9.64297505561e-05
3.51522726305e-06
0.000713029527105
0.00411835545674
0.000295918696793
0.000196515160496
0.00363314244896
0.00272330828011
0.00887636654079
0.0200155358762
0.000183234762517
0.000687830382958
1.3205997675e-05
0.00335789727978
0.00166360707954
7.47413378122e-06
0.00101839087438
3.27179407122e-07
0.000692548404913
3.62107384717e-05
0.00241180346347
0.0129957329482
0.000156387570314
0.0105078555644
0.0144817056134
0.0154848946258
0.00206716312096
0.00976655911654
0.0258470792323
9.57887386903e-05
0.00675423210487
9.39062374528e-05
1.5429634459e-06
0.0015532275429
5.4425385315e-05
0.00635559530929
0.00277842232026
2.49719469139e-05
0.00638811523095
0.00187666632701
0.00248026638292
0.00399300409481
0.0006507851067
1.73876615008e-05
0.00592516735196
0.000143861136166
0.000849962816574
0.000185827346286
0.00243847607635
7.65487930039e-05
0.00813712179661
0.0572048462927
0.0526315718889
0.0197557155043
0.0257177893072
0.0103294933215
0.000136313290568
1.38145769597e-05
0.000389722321415
0.00155280716717
0.00389651069418
0.0163807254285
0.00726443622261
0.00229640537873
0.00385641655885
0.000115091934276
0.00407747924328
0.00101298082154
0.0147498287261
4.38811039203e-05
0.0360103622079
0.0192019864917
0.0099269207567
0.00896134786308
0.00181064428762
0.000922696955968
0.000387888867408
0.000149564366438
0.000521933543496
0.0350662954152
0.00873049814254
0.000306918402202
0.000258799089352
1.41800646816e-05
0.00826906971633
0.0017544721486
0.0010937548941
0.00833086017519
0.0347058847547
0.000568914634641
0.00114854890853
0.000335345976055
0.00165995990392
0.00101868005004
0.00718352664262
0.005088893231
0.00382139557041
0.00244611711241
0.0185720268637
0.002503790427
0.00833777617663
0.00346569647081
0.00208402634598
0.000583454966545
0.00126401009038
0.000626579334494
0.000668186985422
0.00473638530821
0.00136137346271
0.006706321612
0.000124566577142
0.00991846527904
0.000301876891172
9.70692872215e-06
5.45657494513e-05
0.00487781083211
0.000476575893117
1.42618819154e-05
0.000461802497739
0.006706004031
0.0066654458642
3.196038233e-05
5.33856145921e-05
0.00727597810328
7.00615928508e-05
0.00246200850233
0.00300052575767
0.0128495609388
0.000834967009723
8.49414448112e-07
4.31225089415e-06
0.00116108276416
0.000347023538779
0.00776077248156
0.000250430719461
0.000769580423366
7.54027541916e-06
0.0014159467537
0.000353953044396
0.00711815897375
0.00616266205907
0.0303292572498
0.00899423938245
0.00289188022725
7.59175309213e-05
0.000367498665582
0.001295271446
0.000681627483573
0.00125371315517
0.000302289205138
0.00210236548446
0.00185123155825
0.00108929455746
0.00895533338189
0.00711722346023
0.00218769558705
0.00371078518219
0.00338580063544
0.00237050629221
0.000648560933769
0.000591974530835
0.000434782268712
0.000406200502766
0.00116967957001
0.0103869652376
0.0036999550648
0.00475194258615
0.00030423438875
0.000184201009688
0.00325221102685
1.33805031055e-07
0.00169704074506
4.52937711088e-05
0.00231910310686
0.031780462712
0.0127575406805
0.00711754290387
0.00727287167683
0.0282895918936
0.0298390500247
0.00315374182537
0.0301546733826
0.0131282638758
0.000208402590943
0.00775543879718
0.0230123717338
0.00688609713688
0.000546555267647
0.00184918567538
0.000643553852569
0.000514714280143
0.000161022675456
0.000477812835015
0.00468346523121
0.011510332115
0.000760994676966
0.000365591782611
0.00619804486632
0.00779738277197
0.00654977979138
0.0327970422804
0.0211895871907
0.0114666717127
0.0617301166058
0.0164919253439
0.00972518045455
0.0129818003625
0.00604787096381
0.00142373796552
0.000136683054734
0.00580859417096
0.00134588684887
0.0106476293877
0.00540891010314
1.09779766717e-05
0.0108738513663
0.0030027856119
0.0028859982267
0.00936125870794
0.0028456884902
0.011148257181
0.00142929167487
0.00707630068064
0.0149555187672
0.0030624025967
0.00278087984771
0.000658426841255
0.000224474162678
3.82162033929e-05
0.00238679139875
0.000138104820508
0.00419735535979
0.00888487603515
1.06631013352e-07
0.000761249568313
0.00109993549995
8.99076912901e-05
0.000196380657144
0.000370149762603
0.00557864271104
0.00209972611628
0.0205587260425
0.000223991301027
0.0104516698048
0.000628557754681
0.00964462570846
0.0122754378244
0.0187360141426
0.0024765690323
0.000441466923803
0.00810736790299
0.015660783276
0.0173959229141
0.00928844325244
0.00166189356241
0.00237711588852
0.00126078468747
0.000215582855162
8.94050026545e-06
0.00245443428867
0.00845071393996
0.0120947388932
0.00137456762604
0.0110996123403
0.0016050481936
0.020264511928
0.000372817303287
0.00490118423477
0.0013033025898
0.000495469605085
0.000296549638733
0.00448721135035
0.00638932082802
0.000744649034459
5.15233805345e-05
0.000354380434146
5.16732325195e-05
0.00344515405595
0.00209412537515
0.0198205523193
0.00662255566567
0.0216919891536
0.0123572302982
4.87370698465e-07
0.0113476142287
0.00106018409133
0.0190005321056
0.00781234819442
0.00505946110934
0.000120370248624
0.00349584035575
0.000426412618253
0.00117263116408
0.00726529490203
1.46040301843e-05
0.0197922419757
1.39801613841e-06
0.000388441985706
0.000261599838268
0.0113201448694
0.0145738143474
0.00174689060077
0.00274059269577
3.99585951527e-05
9.90816317881e-11
0.000527051102836
0.000223320079385
0.00339370593429
0.000607781577855
0.0263962056488
0.00425843475387
0.00196572230197
0.000200491456781
0.000187058729352
0.0125600714236
0.000958862598054
0.000870317278896
0.00377162848599
0.00220453320071
0.000487938610604
0.00213290168904
0.000201084360015
0.0251669697464
0.0128356060013
0.0362138822675
0.0208297539502
0.0109221925959
0.0367737039924
0.0397243350744
0.039742205292
0.000996635877527
0.000330978975398
0.00703456066549
0.00121638446581
9.03897034732e-06
0.0006478477153
0.000181846422493
0.00398030271754
0.0013098284835
0.000218010332901
0.000115838738566
0.000143635319546
0.0029704074841
0.000890529190656
2.60707884081e-06
0.00281066214666
0.000655701151118
2.46406452789e-05
0.0159602146596
3.16682053381e-06
0.0158634353429
0.0148329548538
0.0420520752668
0.0715811774135
0.0170132480562
0.0114450575784
0.00239335931838
0.00747940735891
0.0020367235411
0.00577185675502
0.000900630489923
0.00659465556964
0.0154538471252
0.00596789922565
0.000820138782728
0.00326561904512
2.46438994509e-05
0.00802457053214
0.00452039996162
0.00506420200691
0.00671176519245
8.44406386022e-05
0.010526413098
0.0118922479451
2.13360090129e-05
0.000214309635339
0.00109152460936
0.00616006553173
0.00486611155793
0.0174133405089
0.000820031214971
0.000503191899043
0.000127440187498
0.00842722970992
0.0316177159548
5.65652271689e-06
0.00017161386495
0.0174802057445
0.00260317698121
0.00254805665463
0.00181137234904
0.00124298967421
0.00184315443039
0.000626288412604
0.00948466639966
0.000735267822165
0.00190548913088
3.26055269397e-05
0.000192849678569
0.0164708979428
0.00805973447859
0.00339882611297
0.00181280716788
0.00618874793872
0.00017113085778
0.00597654981539
0.00244163535535
0.0261890478432
3.4435163343e-06
0.00699710194021
0.00448515918106
0.0035197713878
0.00078490463784
0.000107926993223
9.85608057817e-05
1.62700075634e-10
0.00327028380707
0.0158628337085
0.00938129238784
0.000131372042233
0.0124240294099
0.00669810408726
0.00167130678892
0.00345934485085
0.000217353415792
1.09911343316e-06
0.000356756412657
0.0020627588965
0.00186680792831
0.0137879857793
0.00113746558782
0.0339840166271
0.012865640223
0.0425037443638
0.0143788512796
0.0107879750431
0.00735658686608
0.00429199030623
0.00295892194845
0.0171313844621
0.0431564450264
0.014554515481
0.0109579218552
4.08512132708e-05
0.00511308573186
0.00500167487189
0.00775330234319
0.00760109862313
0.0211317203939
0.0425681844354
0.0399450808764
0.0133876223117
0.00616020103917
0.00811680499464
0.0361414477229
0.0247203800827
0.0151617545635
0.00170006474946
0.0249583851546
0.00953812897205
5.25185896549e-05
0.0287870857865
0.00784152001143
3.80895544367e-05
0.0148564698175
0.0119459005073
0.0158158820122
0.00377135770395
0.0135653326288
0.0421256013215
0.0244328323752
0.00811046455055
0.00972810294479
0.0126270269975
0.00069452309981
0.00323812826537
0.000962982943747
0.000215055450099
0.000788654724602
3.32141644321e-05
0.000621496001258
0.00249209790491
9.53470589593e-05
9.12933319341e-06
0.00894898362458
0.00189400371164
0.0140846241266
0.00206648837775
0.00380833004601
0.000385095336242
0.00403724983335
0.00134861061815
0.00205368665047
0.000285028159851
0.00358935096301
0.00362564832903
0.00477386172861
0.000676326686516
0.00142251024954
4.74790649605e-05
0.000746250385419
0.000467880920041
0.00300743198022
0.0184601172805
0.00011149232887
0.00158505456056
0.0249156523496
0.0264228321612
0.0207932442427
0.0428798347712
0.0121503369883
0.00516904145479
0.00130114296917
0.000714980589692
0.000297773891361
0.00199234415777
0.00543101504445
0.00243612495251
0.0025445423089
0.00331254606135
0.000792573089711
0.016945598647
0.0349431820214
0.0665263980627
0.0256783459336
0.0154005950317
0.054084200412
0.0274045597762
0.0384889245033
0.0352825261652
0.000653316208627
0.00603034347296
0.000181803814485
7.41841140552e-05
0.00204748404212
0.0246234051883
0.00349135207944
0.00414651772007
0.0162129607052
0.0173549503088
0.00951618980616
0.000481320137624
0.000941377657
0.00330645265058
0.000313696888043
0.00804665405303
0.00264780316502
0.0227551292628
0.040183275938
1.67938324012e-05
0.00246617454104
0.00323858624324
0.000763604708482
0.00514366943389
0.00324334017932
0.00336162187159
0.00050666887546
0.0266254339367
0.0420120060444
0.0130347786471
0.00771157676354
0.00110890867654
0.00390179199167
0.00411964068189
0.0074293250218
0.0021534007974
0.0152612812817
0.0155153712258
0.00247727218084
0.00703673064709
0.00129263428971
5.74687837798e-05
0.00226393900812
0.00830429419875
2.72916222457e-05
0.00581736071035
0.00266889110208
0.000830307719298
0.000783786235843
0.000604018277954
0.00214793882333
0.00268331845291
0.00128048867919
6.15823819317e-06
0.0207085758448
0.00334062241018
0.00217609386891
1.46418660734e-05
0.00142529245932
0.00241643632762
0.00074975687312
0.000312627351377
0.00503875035793
0.00270786485635
0.00702350214124
0.00261837407015
0.00920742750168
7.1302332799e-05
4.74396474601e-05
0.00134287530091
0.000108109117718
2.3249824153e-05
0.000366294727428
0.00325920176692
0.0191815737635
0.00660925731063
0.00283228326589
0.00670990953222
0.00116194400471
0.000295374513371
0.0226622186601
0.00834160856903
0.00760129606351
0.000749784579966
1.79193211807e-05
0.000238022475969
0.000912317482289
0.00223777606152
0.0191501844674
0.00762768182904
0.0080558527261
0.00346926948987
3.41484701494e-05
0.000121088036394
0.000280867359834
0.0138880759478
0.0061427638866
0.00153265008703
0.0310852173716
0.0276515856385
0.0256609842181
0.0130659779534
0.00418700091541
6.45156114842e-06
0.00146554398816
0.015705794096
0.012853433378
0.0689050555229
0.0639079362154
0.107713803649
0.0432911925018
0.0161623638123
0.00712686125189
0.00114056351595
0.00246636103839
0.000903508218471
0.0211449954659
0.0121444379911
0.0239836741239
0.000207595396205
0.00627279561013
6.56737902318e-05
1.0391968317e-05
0.000931211630814
0.010211257264
0.000104635924799
7.56342342356e-05
1.00773468148e-05
0.00243758130819
4.58796057501e-06
0.00443425728008
0.000778518675361
0.00467759743333
3.92164329241e-05
0.00138918240555
0.00137900200207
0.00102815299761
0.000637083372567
0.00502116046846
0.0114769050851
0.0105721568689
0.00222665513866
0.00253671128303
0.00766054401174
0.0146295614541
0.0177257750183
0.0538762100041
0.0101853497326
0.00237491354346
0.00537132658064
0.00244531524368
0.0132381459698
0.0234409458935
0.00648346636444
0.039913661778
0.00152102590073
0.0188095718622
0.0181000158191
0.0355059467256
0.000562701839954
0.000138785806485
0.00106565630995
1.45405493868e-07
0.00325311697088
0.0060382145457
0.0137822888792
9.43421491684e-06
0.000112002060632
0.0186323076487
6.53311644783e-06
0.012593078427
0.000975942355581
0.000530573714059
6.80668963469e-05
4.43669086962e-05
0.00294115510769
1.17516756291e-05
0.00507209030911
0.00501720793545
0.00142881623469
0.000173441148945
0.00132916728035
0.00119222304784
0.00828966777772
0.00330641842447
0.00012064899056
0.00443573016673
0.000323654850945
0.00919092353433
0.0132739618421
0.0037627350539
0.00240670400672
0.0132897878066
0.00198829174042
0.000415744958445
0.00165007635951
0.00650656223297
0.00615320447832
0.000923794519622
0.00124267861247
0.0093039534986
0.000118323681818
0.00078883045353
0.00615002121776
0.00263098883443
0.000917724682949
0.00126795680262
0.000339599879226
0.00105223222636
5.78952167416e-05
0.000192121558939
0.0015292475
0.000289431482088
0.000442397897132
0.000267735886155
8.33694357425e-05
0.0231724567711
0.00892809964716
0.000166186189745
0.0204289685935
0.00993319880217
0.00317524769343
0.0101604191586
0.00041752125253
0.00239194836468
0.00744282733649
0.00127020757645
0.000141444252222
0.000769846665207
0.000173865293618
0.0242153238505
0.00508814910427
0.000954563322011
0.00325683038682
0.00199136254378
0.0192167814821
0.00250317901373
0.011094356887
0.00181041355245
0.0035436139442
0.00451619317755
0.00407831650227
0.000348564179149
0.0015520415036
0.00758404796943
0.000708472100087
0.000364572508261
0.00182453158777
0.001553991111
0.00309005961753
4.91122875701e-07
0.000734665081836
0.000287329137791
0.0290220119059
0.0105066942051
0.00199759146199
0.00844687409699
0.0298098362982
0.00924045220017
3.86333397273e-07
0.00957074295729
0.028946949169
0.000126515325974
0.0144757963717
0.0133368503302
0.000772642495576
0.00284322793595
0.000100816265331
0.000320083257975
0.000120597273053
0.0126242004335
0.00224394677207
0.00249091093428
0.00118362973444
0.0131212025881
0.00694302562624
4.08405467169e-05
0.00173576257657
0.00169969361741
0.000184603268281
0.00826606713235
0.00020896398928
0.00097609317163
1.28591409521e-05
3.84627383028e-05
0.000798249908257
0.0141047276556
0.00436294823885
0.000272656208836
2.0371431674e-05
0.000145221958519
0.00197578268126
0.000287517090328
1.95815846382e-05
1.27184594021e-05
0.0105716604739
0.00999770406634
0.00268873688765
0.00657113781199
0.00508231762797
0.000400880671805
0.00112167408224
0.00025194598129
0.000449374347227
0.0199116803706
0.0258768033236
0.0115333516151
0.00588556053117
0.00159186054952
0.000436683418229
8.01260466687e-06
0.000102697587863
0.000103919534013
0.000612315896433
0.00024596194271
0.000540879147593
0.00952171999961
0.00191519595683
6.23445594101e-05
0.0156500730664
0.0122299659997
0.00897176098078
0.00253872619942
0.000217750799493
6.06748035352e-05
0.000231848520343
0.0020438474603
3.27998151306e-07
0.0160542521626
0.00760000245646
1.52725297085e-05
0.00389851257205
0.0199520792812
0.00426046550274
0.000931157032028
0.00266597908922
0.00819611921906
8.66174232215e-05
0.00487535493448
0.000878781604115
0.000631842180155
0.00287738163024
0.00311890942976
0.0194919649512
0.00775137636811
4.62715652247e-05
0.00956045463681
0.00362960458733
0.00307077309117
0.0191595237702
0.00184523535427
0.00313094444573
0.00499188294634
0.00681380182505
0.00209521665238
0.0105938808993
0.0113341137767
0.0256505776197
0.00630438420922
0.000218237459194
0.00167704897467
0.010625702329
0.00108432315756
8.69589130161e-05
0.000195103930309
0.0186371486634
0.00663167797029
0.000276192033198
0.000776338216383
9.24151390791e-06
0.00467645190656
0.0194558501244
0.00520440004766
0.00079006474698
0.0119248358533
0.000557702151127
0.0039322511293
4.63413271063e-05
8.64034291226e-07
0.00190357980318
0.00587344914675
0.00501333316788
8.82974493521e-09
0.0341047160327
0.0115796141326
0.0115999495611
2.65604776359e-05
0.0190239790827
0.00242562778294
0.0029432696756
0.0108137875795
0.00952810142189
0.00182075274643
0.000184530392289
6.82898389641e-05
0.00116308417637
5.89416486036e-05
0.0111077334732
0.00241896277294
3.29436879838e-05
0.000131594861159
6.66220003041e-05
5.97684675085e-06
0.000135179594508
0.00172855122946
0.00459075393155
0.0189152136445
0.0120616517961
0.000818731146865
0.000352876231773
0.00969677604735
0.0143661396578
0.00262834178284
0.00211371015757
0.000119347052532
0.00729690957814
0.00529062468559
0.00171281152871
0.00082343647955
0.0017682404723
0.00513810710981
0.00361919286661
0.00238238740712
0.0049416939728
2.89563161004e-07
0.00191006856039
0.00242242310196
0.00847214646637
0.0111048435792
0.0044823535718
0.0225593261421
0.0264207404107
0.00507173826918
0.0224634315819
0.00116280571092
0.00965848658234
0.00416002003476
0.0085136462003
0.0459627956152
0.0182280950248
0.00756285339594
0.00803379435092
0.00151623168495
8.17948603071e-05
0.00102158135269
0.000626753899269
0.00156878435519
0.00721360649914
0.00376191246323
0.0020515290089
3.52173083229e-05
0.00123632652685
0.000195875647478
0.00558350514621
0.000639874197077
0.0125457933173
0.00406302884221
0.00235457206145
0.00157047517132
0.000247382064117
0.0014228069922
5.83528162679e-05
0.000508640368935
0.0012867905898
0.000442588498117
0.000673001166433
0.00410592183471
0.000649247202091
0.000282156426692
0.00228879251517
0.00274198455736
1.53221844812e-05
0.000212261395063
0.000218138404307
0.000574934238102
0.000163385047927
0.000108368323708
4.97084911331e-05
0.000832375197206
0.00289044436067
0.000253792328294
0.000326722481987
0.00239753699861
0.000325551343849
0.00011239729065
0.000167895603226
0.0241690259427
0.00748813711107
0.00370139442384
0.00456319237128
0.0126882987097
0.00506702298298
0.0105879250914
0.00290584983304
0.00481608463451
0.00861315522343
0.000299442966934
0.00146951014176
0.000792470702436
0.00124624057207
0.00417599687353
0.00328652863391
0.00203969166614
0.000121636323456
0.00204745167866
0.00159795198124
0.00412056269124
0.00308472919278
0.00194829981774
0.00209147226997
0.0118261771277
0.0189095176756
9.32592884055e-05
2.42642636294e-05
0.00010163904517
0.00581593299285
0.0241736862808
0.00560993002728
0.00641345605254
0.000144876670674
6.61242484057e-06
0.0152132287621
0.0156794283539
0.000456583657069
0.000203762421734
0.000157629605383
0.0198126994073
0.00646085711196
0.00678002787754
0.000354442134267
0.0269855875522
0.0116801522672
0.00475667091087
0.0168975964189
0.00422962708399
0.00381834898144
0.00203781318851
0.00703755579889
0.00485296081752
0.028050146997
0.0133430184796
0.000105201885162
0.00220609502867
0.00817183312029
0.00147550494876
0.00514028407633
0.00150879996363
2.99494536193e-06
0.000646219355986
0.00428252993152
0.000610093702562
0.000266759539954
0.000671981018968
0.00319018121809
0.00333878304809
0.0100119709969
0.00279176584445
0.000613059441093
0.019474003464
0.0115433270112
0.000275766273262
0.0018239740748
0.0160963311791
0.00491037266329
0.0219472479075
0.00271041831002
0.000659742800053
0.0161181706935
0.000799732573796
7.61841874919e-05
6.41581937089e-05
0.00034102491918
0.00363885704428
0.00573203107342
0.000857395585626
0.000239056273131
0.000739793700632
0.00130037555937
1.17434512958e-06
0.00529764173552
9.38155790209e-05
0.0123538048938
0.0169645901769
0.00934082549065
0.00832490995526
0.000362665305147
0.00883758254349
0.00412317644805
0.000238639913732
0.00467167189345
0.00163567019626
3.07239065478e-06
0.000558756932151
0.000449841987574
0.00302828312851
1.84410637303e-05
0.00362817547284
0.00139150943141
0.00372336967848
0.000722519762348
0.00186913926154
0.0109311770648
0.0505598410964
0.0177739858627
0.0437624044716
0.0200047008693
0.0291703399271
0.0418681614101
0.0555680394173
0.000283546833089
0.00403545843437
0.00123999477364
0.00166990223806
0.00529632298276
0.00551590137184
0.00171760795638
0.00127837585751
3.47544046235e-05
0.0290405154228
0.0257315076888
0.00591152533889
0.0257646087557
0.0550503097475
0.011380973272
0.0106569007039
0.00274830847047
0.0101284338161
7.63689854466e-07
3.34443720931e-05
0.000909122929443
0.0122941266745
0.0100894616917
0.010640299879
0.0037624607794
0.0127193024382
0.00437024235725
0.0104469545186
0.00028075548471
0.00494340760633
0.00879591424018
0.000861082109623
0.000394810311263
0.00817197281867
0.00405054260045
0.0318403989077
0.00705270469189
0.00155182555318
0.0248686335981
0.0179800186306
0.000774383079261
0.00080970505951
0.00156218570191
0.0218758340925
0.00497314799577
0.0166229531169
0.00446550548077
0.0070304418914
0.00233709788881
0.00225571054034
0.0263591483235
0.0124298036098
0.0214870981872
0.000314820092171
0.00372952967882
0.00123616936617
0.000546725292224
4.13932066294e-05
0.000100622448372
0.00698911678046
0.000835197803099
0.000109119791887
0.00194878526963
0.0095342407003
0.00152412848547
0.0072831637226
0.00521243130788
0.000749237951823
0.000171618536115
0.000132529836264
0.00274785538204
0.00010000517068
0.000688047672156
0.00270424340852
0.00184487435035
0.0110018225387
0.000329024565872
0.000234626713791
0.00124265137129
0.00682407896966
0.00414795335382
0.0129997832701
0.00181650789455
0.000542900757864
0.0018525859341
0.00128186901566
0.00280986586586
0.00207937601954
0.00190190284047
0.00206893845461
0.00567659642547
0.0241689048707
0.00921675283462
1.68581354956e-05
2.61386821876e-06
1.31028798478e-07
0.00158887985162
0.00022730139608
1.09542963855e-06
0.000169277816894
0.00562883447856
0.00459874980152
0.00136160000693
0.0141225652769
0.0046816826798
0.00896227825433
0.00938176549971
0.000156951587996
0.00844870321453
9.71950939856e-05
0.00411636661738
0.00977913290262
0.00516857858747
0.000568071845919
0.00909892655909
6.26480104984e-05
0.0121456338093
0.00683867139742
0.000642648432404
0.0010666877497
0.000129302730784
0.0027749799192
0.0024795779027
0.000375241535949
2.00990216399e-05
0.000651092268527
0.018271246925
0.00641704583541
7.82714892011e-07
0.0153183192015
0.00294251297601
0.00314731150866
0.000350262154825
0.00259763887152
0.00790623575449
0.00206409650855
0.00014671839017
0.00737197278067
5.56075610803e-05
0.00854730419815
0.00136337114964
0.0455419681966
0.0106373429298
0.00478241499513
0.00290685542859
0.00176904001273
6.90222586854e-05
0.00106738868635
0.000592577969655
0.0108617842197
0.0232419725507
0.00325010204688
0.000865854904987
0.0123341167346
0.0128617119044
0.0205512400717
0.00805342383683
0.0304143521935
0.0101744532585
0.000169249120518
0.00371768721379
0.000412576599047
0.00476261321455
0.000511634396389
0.00335105182603
0.00255203875713
0.0141200292856
5.06233163833e-07
0.00171549897641
0.00226026214659
0.000549579097424
0.0015479583526
0.000860333733726
0.000318178354064
0.0190047882497
0.00283931056038
3.30570219376e-05
0.000725224323105
0.00126608554274
0.00249814032577
0.00577575154603
2.87052372983e-08
4.17467599618e-05
0.000278622290352
0.00114803784527
0.000112935376819
0.000156823181896
2.03149756999e-05
0.00114617252257
0.0147420773283
0.00137372582685
0.000620716135018
0.017807725817
0.0156741235405
0.0555846467614
0.0230152197182
0.0122005911544
0.00384852546267
9.46206364461e-06
0.000626906869002
0.000941105186939
0.0251337438822
0.00466398755088
0.0318074785173
0.00072768307291
0.0012906313641
0.00190369167831
0.000411372835515
0.007536244113
0.0283153224736
0.000118160351121
0.0016219393583
0.00523105543107
0.000782833667472
0.000336563010933
0.00181142555084
0.0210039634258
0.00305619463325
0.00623974669725
0.00123548833653
3.95853312511e-05
0.00553480256349
0.0137543762103
0.00178601511288
1.96993969439e-05
0.0001163801644
0.0251554064453
0.0706006288528
0.0131458686665
0.00179372902494
0.0113863535225
0.00304613634944
0.00185531401075
0.000909478811081
0.000243699381826
0.00476615969092
0.0383778102696
0.0177807006985
0.00669688452035
0.00205910066143
0.0215665306896
0.00327544985339
0.000998829258606
0.0160935036838
0.00522456504405
0.00494264066219
0.000601206033025
0.000736938323826
1.88756565933e-08
0.00105348741636
0.00123064720538
0.0126898027956
0.00285042799078
0.000421496195486
8.57189661474e-08
0.0139901712537
0.00938558205962
0.0597280524671
0.0726208463311
0.0360715575516
0.00816254690289
0.00194104132243
0.0202608201653
0.00411959085613
4.73050967287e-08
0.00116346019786
0.00131098495331
0.0107331443578
0.00397643027827
0.000418188923504
0.00480893114582
0.00756555935368
2.11527658394e-05
0.00033042076393
0.00359416264109
0.00849716551602
5.99923769187e-05
0.00251500238664
0.00127396394964
0.000807576230727
0.00422563496977
0.00488527771086
0.000659354031086
0.000228947057622
9.97279494186e-06
0.0121250096709
0.00405001547188
0.00287434505299
0.00190517690498
0.00182200304698
0.000394437345676
0.00035434338497
5.83368819207e-05
0.00369230890647
2.45897808782e-07
0.000566716713365
0.00366151169874
0.0239243023098
0.0157900732011
0.00253461184911
7.98345718067e-05
4.85331802338e-05
0.000664703256916
0.00335689936765
0.0095767499879
0.01635139063
0.00133097160142
0.000221747162868
0.00511787738651
0.00514823570848
0.00158999662381
0.000211966238567
0.000407529034419
4.50400051477e-07
0.00300146290101
0.000300551735563
0.000457979971543
0.000781144422945
0.00191995420028
0.000240740177105
2.61489221884e-05
0.00452468497679
0.00194170838222
0.000288710929453
2.51479764302e-06
0.0117751872167
0.02706974186
0.0065752575174
0.00574414478615
0.00775471422821
0.00177365844138
0.0232588965446
0.00880983378738
0.0258712042123
0.00185211386997
0.0146772544831
0.00725906249136
0.0107912002131
0.00457067647949
0.000859292049427
0.00535784987733
5.92940741626e-05
0.00562151614577
0.0028184032999
0.0033480937127
0.00332956272177
0.00295399897732
0.0124478051439
0.0004504287499
0.00351668498479
0.00281307543628
0.0075946720317
0.000142593547935
0.00115077605005
0.00284830108285
0.00225518969819
2.29721663345e-05
3.34678152285e-05
0.00242967763916
0.00210906378925
0.00469445670024
0.000767217716202
1.23860781969e-05
0.000222596499952
0.0070163407363
0.0141720781103
0.00429188460112
0.00141182064544
0.000301414169371
0.00169672153424
0.00122282898519
0.00119851878844
0.000128078536363
3.30899310939e-05
0.0229050610214
8.95863922779e-05
0.00110787875019
0.00184593698941
0.00131210742984
0.00315600819886
0.00128669652622
0.00824810191989
0.0123143717647
0.000227668191656
0.00088933162624
0.00592292379588
0.00167820369825
0.000173545573489
0.00746915303171
0.000967315980233
0.0138014201075
0.000619654834736
7.92463688413e-05
0.0102547835559
0.00102602317929
0.000680059776641
0.00971920974553
0.0163684077561
0.0340995192528
0.0603522360325
0.0726399123669
0.021202871576
0.0196593217552
0.0483121685684
0.0175932515413
0.023741832003
0.0172227676958
0.0102174254134
0.0198943987489
0.0156601350754
0.00201960047707
0.000326455337927
0.00431006541476
0.000179229173227
0.00879465695471
0.00357043882832
0.000603180669714
0.000537068233825
0.000364972074749
0.00607579853386
0.00723792146891
0.00400805752724
0.00320934550837
0.00264062499627
0.00595361972228
0.00257027940825
0.00338936015032
0.00503260456026
7.16924205335e-07
0.0114206606522
0.00288287713192
0.000291598436888
0.0125954998657
0.000625742599368
0.000342563231243
0.000661825062707
0.00110340164974
0.000819771783426
0.0154176130891
0.0105171138421
0.0182556509972
3.2208263292e-06
0.00536889350042
0.00577166629955
0.00905412808061
0.000826089759357
5.68028845009e-05
0.00215282826684
0.00417893286794
0.000703265308402
0.000451932835858
0.00233055837452
0.000131175373099
9.62682752288e-05
0.00416112691164
0.00289833289571
0.00308416155167
0.000942790007684
0.00179875735193
0.00141355243977
0.00408657314256
0.000192984211026
0.0105859627947
0.000746152654756
0.00084015232278
0.0030338356737
0.00615622522309
0.054019998759
0.0404199697077
0.0359264276922
0.0232506785542
0.00088667095406
0.000156255657203
0.00603196350858
0.00883328542113
0.000811936915852
0.00850952137262
0.0018650055863
0.000202022798476
0.00461819209158
0.000380841345759
0.000468758051284
0.00113941845484
0.00273907021619
0.000289131392492
0.00037793428055
0.00183149380609
0.00527127180248
0.00346007756889
0.0218268185854
0.0115703735501
0.0247333794832
0.00367599609308
0.000901576131582
0.00289816595614
0.00654697278515
0.0041100056842
0.0105058206245
0.00111387041397
0.00869947113097
0.00546903349459
0.00214632018469
0.000817191787064
0.00193628843408
0.00569384079427
0.00696557713673
0.000165548277437
7.34240211386e-06
0.0211844071746
0.00407610135153
0.0149031989276
0.0212373342365
0.00602684449404
0.00258443504572
0.00318014994264
0.000163643431733
0.000583980581723
0.00265303510241
7.03399655322e-06
0.00616247951984
0.0220284536481
0.00938876438886
0.0014395021135
0.00219652242959
0.00380205758847
0.0412599369884
0.00372980278917
0.00296998838894
0.0015180031769
0.00100146455225
0.0289435125887
0.00871527288109
0.0146889910102
0.00222545722499
0.00694606546313
0.000765828241128
0.0036512974184
0.000208957091672
0.00875113345683
0.0105384206399
0.0349048189819
0.0101524060592
0.000749833590817
0.000245219358476
0.013333870098
0.0046082129702
0.00152029376477
0.00245347758755
0.0164921618998
0.0160209424794
0.000398260686779
0.0287432819605
0.00422476325184
0.00164949777536
0.00315417698584
0.000466421304736
0.000957834825385
0.000433946232079
0.00602851528674
0.00235251896083
4.24475074396e-05
9.72603302216e-05
3.27288507833e-05
0.00399916106835
0.0224378798157
0.0120283747092
0.000130667962367
0.000172161657247
0.000699249852914
0.00658899825066
0.0113020082936
0.0127646038309
0.00414724694565
0.00323707703501
0.00871168449521
0.000605764216743
0.0102327102795
0.00072264316259
0.000391109701013
4.30456930189e-05
0.00240504345857
0.000818888016511
0.0027087458875
0.0106159169227
0.00639949645847
0.0144338235259
0.00536012975499
0.00241317483597
0.0114322444424
0.000400447577704
0.00369012891315
0.00190802942961
0.00113230722491
0.00109846529085
0.000341262726579
0.00754912849516
0.0176179502159
0.000771996448748
3.26034860336e-05
2.75970051007e-05
0.000649171299301
0.00178217829671
0.00227601383813
0.00105212593917
0.00132065615617
0.0027984874323
0.00180358393118
0.00573836406693
0.0214526001364
0.0182606931776
0.002872699406
0.00657117646188
0.014375035651
0.0128555214033
0.00520546641201
0.0335669592023
0.00837135780603
0.00264786463231
0.0089370906353
0.00529468758032
0.00508933933452
0.000109348417027
0.00124402157962
0.00087572040502
0.00408815825358
0.000710148480721
0.0108553124592
0.0124961519614
0.0138037931174
0.00522444443777
0.00859880074859
0.0078063304536
0.00124046497513
0.000415981980041
0.00150412914809
0.000120553420857
0.011047007516
0.00412528542802
0.00045155530097
0.00328038097359
0.00469551840797
0.000856873812154
0.00345415831544
0.000213979059481
0.00290210777894
0.00772962952033
0.00313737802207
0.000463444768684
0.000830534438137
0.000797707762104
0.000416187453084
0.000329828384565
0.00158569053747
0.000122117999126
0.00402099220082
0.00272691156715
0.00162834057119
0.00766811007634
0.00160218158271
0.00842447206378
0.00529870484024
0.000693263893481
0.00136993080378
0.000600604049396
0.00190796691459
0.015330279246
0.00282309157774
0.00250143790618
0.00108521839138
4.88949044666e-05
0.00296208402142
2.79295945802e-05
0.00397984776646
0.00108697253745
0.00276408600621
0.00697247870266
0.00340430834331
0.000260164408246
0.00107638677582
0.00396720459685
0.000386849482311
0.000246497889748
0.00609976286069
0.00152889557648
0.000548013777006
0.00179966376163
3.72208960471e-05
9.4504430308e-05
0.000815231760498
0.000100188248325
0.0302145592868
0.0089986147359
0.00141660624649
0.0010257443646
0.00394001044333
0.000253381353104
0.00109307689127
0.0013374639675
0.000752368825488
0.00340668391436
1.29623704197e-05
0.00209207739681
0.0199964661151
0.00907504558563
0.00884255301207
0.000628908979706
0.0018460189458
0.00922233238816
0.00518852379173
0.00135268073063
0.00271365256049
0.000480607734062
0.00305317062885
0.0118778357282
0.0295124910772
0.0237224567682
0.0068850829266
0.00318245962262
0.00365345156752
0.00506050838158
5.76053244004e-05
0.00294816424139
0.0043686744757
0.00743833882734
0.0373668074608
0.00124496780336
0.0117271924391
0.00606546085328
0.00210031075403
0.000545961782336
0.0012812523637
0.000235336643527
0.00151697918773
0.00101181829814
0.00314341718331
0.00736156199127
0.00013362034224
0.00134382559918
0.00159592495766
4.57800751974e-06
0.000812959682662
8.238402188e-06
0.0132846282795
0.00171808968298
0.00176075927448
0.000671265821438
0.000892505573574
0.000952755741309
0.00558537151664
0.000455626402982
0.000586823036429
0.00435169134289
0.00599662959576
0.0114767905325
0.0196908079088
0.00676752347499
4.561183232e-05
0.00420123711228
0.00174694543239
0.0051268148236
0.00460655009374
0.0068186740391
0.0165876224637
0.0653085559607
0.0239539705217
0.00302171357907
0.00791169051081
0.00581636046991
0.00714341085404
0.0124682560563
0.0136734284461
0.00203454797156
0.00304114469327
0.0014318843605
0.00027961411979
0.000366387714166
0.00135861267336
0.00121798156761
0.0225335862488
0.0171341765672
0.00083425239427
0.000726668862626
0.000114110574941
0.0108138183132
0.00432091159746
0.00379413040355
0.0186045896262
0.0263514649123
0.00663326028734
0.0128596639261
0.00342300231569
0.00105813168921
0.0188197828829
0.00460177380592
0.00507970852777
0.0181239601225
0.0120389405638
0.00704388227314
0.00581594230607
0.00279706856236
0.000282767490717
0.00751578295603
0.00549019873142
0.00738874776289
0.00324590341188
0.0114323971793
0.00140738743357
3.05657376884e-05
0.0204768665135
0.0172458272427
0.00254289037548
0.00302963797003
0.00372695666738
0.00141907273792
0.000217457127292
0.000798200257123
0.0137893324718
0.00539316423237
0.00128559989389
0.00140770722646
0.000245266011916
1.50054820551e-05
5.27856609551e-05
0.000226678181207
0.000501345843077
0.000824572576676
0.00463870260864
0.000137306051329
0.0206849947572
0.00631838617846
0.0138192251325
0.0380380526185
0.0845429226756
0.0781815052032
0.0288752876222
0.0133774522692
0.0181935485452
0.00109539553523
0.0111878020689
0.0098122106865
0.0054818415083
0.0113204615191
0.0125922495499
0.00727826077491
0.0124197313562
0.00283600529656
0.00133248977363
0.00564675405622
0.0138642741367
0.000123102057842
0.00428508548066
0.00350958039053
0.0111293224618
0.00537851499394
0.00840179435909
0.000269432668574
0.00309748272412
0.0172693338245
0.0104215471074
0.000589695526287
0.00203246483579
0.00031605019467
0.00671350350603
0.00256278761663
0.000941522128414
0.00597814423963
0.00119371153414
0.00223802984692
0.00268663559109
3.49912916136e-05
0.000433491921285
0.00538268173113
0.00173616735265
0.00216854875907
0.00256445654668
0.00187832175288
0.000584889785387
2.47686275543e-05
8.00725392764e-05
0.00397263886407
8.24208327685e-05
0.00105302117299
0.00521725649014
0.00467381905764
0.000703877129126
0.00163716275711
0.00412056269124
0.0239942539483
0.0416937097907
0.000142158998642
0.00339556741528
0.00154048891272
0.0116472840309
0.000131236127345
0.00124737492297
0.00108579767402
0.0117773348466
0.0123134264722
0.0154537288472
0.0274529699236
0.0118159446865
0.00598146766424
0.00220934092067
0.00192789151333
0.000447310856543
3.34185621398e-08
4.5848031732e-05
0.0149078704417
0.0210842117667
0.00876493379474
0.00139886757825
0.00134053488728
0.000326287350617
2.28798398894e-05
0.0048488471657
0.00244253966957
0.00435642292723
0.00214684358798
0.000515914463904
0.00310354633257
0.021503334865
0.0345588214695
0.0329428724945
0.00222084531561
0.0133591415361
0.00864690355957
0.0150924883783
0.0143173504621
0.00298666907474
0.000417604052927
0.0052753444761
0.0044933622703
0.000867521914188
0.00412880815566
0.00099284411408
0.000758321839385
0.00110846117605
0.00527045596391
0.00497305346653
0.00142883998342
0.0107888476923
0.00233610952273
0.00015983589401
0.00772374588996
0.00757211400196
0.052848611027
0.0284236762673
0.0147613994777
0.013050571084
0.00102775171399
0.00135239132214
0.00506593706086
0.000278261257336
0.00945908948779
0.000433087436249
0.0016171252355
0.00531763862818
0.001427109004
0.00686916708946
0.0172539912164
1.91568906303e-05
0.00522678811103
0.0240253787488
4.33151653851e-05
5.01439644722e-05
0.00603800173849
0.000446527090389
0.0123239383101
0.00410180957988
0.00279525644146
0.0111980242655
0.0266959350556
0.0218569375575
0.00428013550118
0.00312550063245
0.000584137567785
0.000105301558506
0.0177008975297
0.0059460978955
0.00996646936983
0.0046815238893
0.000797253276687
0.00346406502649
0.0333751663566
0.00345639348961
0.00374296260998
0.000156953828991
0.00133317743894
0.0143385836855
0.00559554575011
0.00251456280239
0.0191407091916
0.0290202647448
0.00325633375905
0.00832636747509
0.0032380502671
0.000372870243154
0.000169307284523
0.0042860917747
0.000493395375088
0.0133041115478
0.007052204106
0.00431652832776
0.00585876731202
1.6930162019e-05
0.0014132297365
6.14717937424e-05
0.00483565730974
0.000720411248039
0.00069109670585
0.000741117226426
0.00264478614554
0.00638689566404
7.92373539298e-05
0.00590938096866
0.000415011221776
3.06153469865e-06
0.000161619987921
0.00400942750275
0.0215443018824
0.0146745610982
0.0024666688405
0.000284935580567
0.00354876066558
0.000399035401642
0.00829894002527
0.0232523251325
0.00152118632104
0.00140646635555
0.000158573922818
0.000243096801569
0.00192415085621
0.00183192500845
0.00083789404016
0.000146041245898
0.0104065230116
0.0225325841457
0.039243221283
0.036061052233
0.00197875895537
4.4199921831e-05
0.015728360042
0.0231131371111
0.0142946084961
0.0153603088111
0.0148429227993
0.014532440342
0.000373792747268
0.00151575368363
0.00273158238269
0.0231956709176
0.0174562167376
0.0251170396805
0.0314863137901
0.0210941918194
0.0344221778214
0.0348492078483
0.00604104949161
0.00402923626825
0.00107472517993
0.002345002722
0.00484473071992
0.000895578064956
0.00125936919358
0.000472290295875
0.000295327394269
0.000695701688528
0.00275710690767
0.0187815837562
0.000504464260302
0.0129314111546
0.0019514990272
0.00996948685497
0.00832558982074
0.0301649309695
0.0286962520331
0.0158714391291
0.00062246224843
0.0002497661917
0.0080979783088
0.00526185939088
0.00115400331561
6.44904284854e-05
0.00331161986105
0.000134074085508
0.00337922107428
5.13511040481e-05
0.000363608036423
0.000760013412219
0.00190655339975
0.00035793724237
0.00394239416346
0.00133864127565
0.00182198139373
0.000386466243071
0.00430192612112
0.00460481876507
0.00278050894849
0.000790491991211
0.0026491957251
0.00836404133588
0.0115058692172
0.00235946546309
0.0187142211944
0.00927743967623
0.00334140798077
0.00388692482375
0.00457105925307
0.0126819610596
0.00140701187775
0.00210733967833
0.00065896223532
0.00728587526828
2.2507734343e-07
0.00257839937694
0.00153765478171
0.00286115589552
0.00328888348304
0.00366234127432
0.00148629467003
0.00798363331705
0.00157776114065
0.000298111845041
0.00155998149421
0.00121491728351
0.000214237210457
0.000278670049738
0.00574365258217
0.000109443797555
0.00157088146079
0.0104233724996
0.00744216423482
0.00347416871227
0.00623326050118
0.000898525468074
0.0217990800738
0.00294844573364
0.00285453139804
4.8985806643e-05
0.000176959816599
0.00196755677462
5.44526519661e-05
0.00937039032578
0.00632971478626
0.00570284388959
0.00122693856247
0.000441823911387
0.00942370295525
0.00551979802549
0.00605183001608
0.00237697339617
0.00017785851378
0.0030029588379
0.0137326866388
0.0185098908842
0.000856521422975
0.00327356019989
0.000978895928711
0.00135573174339
0.0008403302636
0.00133102596737
0.00167253881227
0.00517387641594
0.00174673856236
0.000207880613743
0.00396471563727
0.00737938005477
0.00112337747123
0.010954583995
0.015988336876
0.00382165354677
0.00431836908683
0.00226192874834
0.00111070962157
0.00296054012142
0.00550388963893
0.00220266962424
0.000864550471306
0.00180394842755
0.000306089845253
1.10673236122e-05
0.00660386495292
0.00903955847025
0.0021519404836
3.64935658581e-05
0.00815017148852
0.000632252776995
0.000960336998105
0.00124265765771
4.77241628687e-05
0.00351327494718
0.000456233479781
4.66571364086e-05
0.021192137152
0.00671444134787
0.0450035296381
0.0234654322267
0.00512219779193
0.00728621101007
0.000782817020081
0.000385740073398
0.000103617763671
0.00363382161595
0.000231373196584
0.00866818334907
2.1224925149e-05
0.00314141903073
0.00240671564825
5.65861155337e-05
0.000979599077255
0.000297135993605
4.95731001138e-06
0.00402457267046
7.14302295819e-05
0.000125704071252
0.000902216939721
0.00299256131984
0.0122582996264
0.00265922793187
0.000568532268517
0.00475556962192
5.79596344323e-05
0.00163438322488
0.0144774094224
0.00872222986072
0.00251731649041
0.0026292768307
0.00178304908331
0.0101955728605
0.00312669039704
0.000105211671325
5.02575721839e-06
0.00922696385533
0.000947455351707
0.00366904283874
0.00505054462701
0.0274165999144
0.00213311915286
0.000718582246918
0.000139062613016
0.00204909732565
0.00217933161184
0.020979559049
0.0108093935996
0.000831161567476
0.00139648548793
0.00288067571819
0.000274360558251
0.000847984687425
0.000200459384359
0.000264197617071
0.00936634000391
0.0093534803018
0.0584424138069
0.0149729372934
0.00676613580436
0.00734258070588
0.00575194926932
0.00186337146442
0.00398684851825
0.000641772348899
0.000295991514577
0.0327256433666
9.87751336652e-05
0.00757044367492
0.00112742057536
0.00345224235207
0.0210896041244
0.00158349820413
0.00424928357825
0.00581198371947
0.00170870427974
0.00532710505649
0.00648066867143
0.00228774175048
0.000971062399913
0.00224223313853
0.00200993404724
0.00346305477433
8.49112329888e-05
6.46623811917e-05
0.000216650994844
0.00389185757376
0.00888473540545
0.0073826466687
0.00779577251524
0.00591313885525
0.0166790690273
0.00356598827057
0.00471467338502
0.00455599185079
0.0019633420743
5.99675377089e-06
0.0110506974161
2.69337789405e-07
0.0200146678835
9.4565857367e-09
0.00442839693278
0.00468850834295
0.0128550408408
0.00537698948756
0.000199611313292
0.00167375779711
0.0114589631557
0.0068177729845
0.00449005467817
0.00259417691268
0.0199395623058
0.0207984950393
0.00680789910257
0.000608903239481
5.01347176396e-06
0.00416610762477
2.24489558605e-05
0.00356963393278
0.0122381076217
0.00409572292119
0.00636566337198
5.38412496098e-05
0.00296526728198
0.000214377694647
0.0223243758082
1.30985654323e-07
0.00074903073255
6.88990098752e-07
0.000710928579792
0.003338920651
0.00120350311045
0.000699074880686
0.0105157690123
0.00286577432416
0.00371732749045
0.79316424098591
