0.0
0.0
0.0
0.0
0.0
0.0
0.0
0.0
0.0
0.0
0.172245980431885
0.2983460998533281
0.24438588034015485
0.3511168004878441
0.2655114249455839
0.213443879058974
0.3500683605831195
0.39004116792564236
0.2834544693213882
0.23890351896384093
0.348029194456125
0.3083764974561164
0.5019119498577093
0.472627891552868
0.33794625159455827
0.4897959806464057
0.4713678431527817
0.3293971466733802
0.28441743314552226
0.3824770007442787
0.49819377823829036
0.468150498758252
0.3713262414608425
0.35856250392079303
0.45885125167903174
0.553624924115945
0.40081334920763034
0.36666813287666555
0.4265168705198846
0.4782238690882178
0.4401831683027261
0.35750345664600114
0.3341076393903442
0.39126197069072466
0.6098804951240099
0.5504921190542912
0.5637511889100264
0.4543455041536222
0.3527409724148405
0.3350910544710618
0.30977271007868257
0.2993482254917088
0.3038289906544648
0.41363037756685983
0.3341809068059618
0.39428202582546157
0.33425146724736077
0.29317423969837864
0.2351939740558882
0.22547598021749896
0.30872745949068714
0.2790491348198948
0.37345202838563385
0.29489177823034013
0.3021778848818172
0.28458290964067245
0.23993730916272762
0.210194603172085
0.2576576535812305
0.4501804851603993
0.4211089802276726
0.3090667164864518
0.4797806125131271
0.4399868982540074
0.4508583026522617
0.3054683323619005
0.26582267529078896
0.40970972198410516
0.42095568446905207
0.31310464459631937
0.277703480682756
0.34319027781076994
0.3276851072557166
0.4596649644122315
0.3149997739835879
0.2557906076763863
0.4647172525492398
0.40174673188098897
0.2975719477980202
0.4452511891973665
0.31526751348091353
0.31906204240885705
0.47537416589657633
0.35645529259390774
0.3036963298792985
0.2510359439262037
0.37529617403546955
0.4878165655271278
0.53349282664714
0.3536897089334019
0.3378090278985424
0.345346117563896
0.3241637098098368
0.2853978631794468
0.23600782746048954
0.41685441495116893
0.5589912995580469
0.7097302193258183
0.48836661804591064
0.389243395965036
0.29182610047347146
0.5000619974447852
0.4251645486716822
0.3649365968539726
0.4841932643312271
0.6249217199591629
0.651266476543089
0.6568165913555523
0.4847211669331093
0.35295517450706637
0.5832028012075557
0.6517369427100356
0.6856305741437081
0.695055304142716
0.49625962288268366
0.5031388005273123
0.6338498037460635
0.4562826194712173
0.3594627411810961
0.6258142136771403
0.5726670476537581
0.5313931272854183
0.5571076224044537
0.40428121048048893
0.4687491900754499
0.5208160924773375
0.3871150578717645
0.34068889865691143
0.4392955377152955
0.41880846230729785
0.3851265703226845
0.3476784387378833
0.2937748232959214
0.3712273332618551
0.45457851780648917
0.40097577025687037
0.433924425014643
0.4712687293508856
0.4535819761746661
0.4660140374981654
0.39877124185667123
0.37920570118146135
0.2976999950286629
0.2629653860648349
0.24619788626579014
0.24702284808188393
0.21652932984687256
0.28985932851315643
0.2907268565248754
0.30334834387399146
0.3087533093182181
0.25380234123559364
0.2096449825237581
0.20790039442368538
0.20037656339818982
0.18367611061040284
0.2765360131341231
0.30583794706457
0.2268107831848698
0.3232843087763734
0.35048684924547635
0.28204445692627733
0.3300360652436007
0.26615069544145964
0.41010616771002584
0.5077535234678257
0.35466252244403595
0.2609621113220511
0.3270452255008719
0.3199147418208751
0.3672194487248849
0.4847333130353293
0.40250541016565256
0.36209135086937694
0.5835835585510999
0.4014133641932789
0.4024971112626161
0.39071508937571087
0.387828412127858
0.31937194619903436
0.4300204040568225
0.5060730900242092
0.3910957350945047
0.5473143068500071
0.45038575771534384
0.47910121412820716
0.36783745212559893
0.41863315767782927
0.3318911505105451
0.36038890665342294
