0.3667952273014316
0.21862363759988535
0.319435649702968
0.30474084123419204
0.12465971529421649
0.19655918937340916
0.3325699019260932
0.3703761312421059
0.3781780165493793
0.13131028805619904
0.4472596752238211
0.10917713705183252
0.3763869931751772
0.25468984902419917
0.06660397369494464
0.34443693668355646
0.28435418170744164
0.05197448017880191
0.10905590358579692
0.21713797734937662
0.35483721260483053
0.47468901109772765
0.4006647878377612
0.2765898344298624
0.45661880278537514
0.3406402259470796
0.1094857210475586
0.17567460846024457
0.4525604625868499
0.4052153650868528
0.18195432402953443
0.07101259822126349
0.18759687202481568
0.2717778689476372
0.4543299264868107
0.20973092140679278
0.2738906140158931
0.21696083309429537
0.27636244693797046
0.37884090924141484
0.37545186176294654
0.20594485835515075
0.3111982193698536
0.46638571573584453
0.48700120766024596
0.4718868106118654
0.22659366071243997
0.0533526279606335
0.09775487599296717
0.0733657686815063
0.14647639176555022
0.11917379943294332
0.2340568279988749
0.043711236230574047
0.18953588334796717
0.14591638923663347
0.4931342578711518
0.014560144377225415
0.17657818678252513
0.49241846556897134
0.23883325547041778
0.4274574589505939
0.461169323955211
0.25589884629743836
0.2401094967342305
0.022855860617597867
0.3232955714231702
0.2562335945031321
0.32551959555916204
0.359083786676147
0.04062805431267741
0.3516611556335633
0.3376540890718859
0.4271969065241841
0.014495564380899828
0.05033495047520814
0.4833588648772635
0.26379004961179014
0.023165492183682135
0.474804894377887
0.2137331868457043
0.13231268844482952
0.32536240088228763
0.2538247185468814
0.16024198776917897
0.3419303031685713
0.22687362009751671
0.3802826779779963
0.29343143867996113
0.03655451898140222
0.36426476448152323
0.46570917554231783
0.09461274476076925
0.1586215372463738
0.018215849308285847
0.463021600199442
0.3783649247430087
0.4784417771846792
0.0881819313195244
0.13042791724010533
0.1225820475598397
0.42673428713400785
0.1426382063610116
0.11424626836721563
0.298302875084774
0.4679631809548665
0.4866131872319702
0.4164577983539571
0.28423897094333445
0.016267449597244354
0.40265013537355004
0.3861515274535728
0.3208282432915774
0.45016555774306205
0.3979094320128571
0.3180697258310383
0.3555642801554511
0.11513439276093002
0.04838136542769439
0.4937045637811019
0.42166896297846734
0.49723750166636094
0.33015683733443824
0.01320571315622282
0.2527969519593847
0.4699420542224053
0.02428675768498334
0.0900172070448087
0.44164774035740134
0.19991551070939817
0.1519808656108032
0.3313439008192418
0.06986537881242721
0.40014071467297807
0.2430765494350292
0.2973455738144096
0.2778713828470757
0.24404133955534035
0.3007442904409913
0.31175495789634616
0.10824767238983851
0.2031692724984534
0.21419475134923438
0.48366461906346947
0.19045849260431036
0.3471583877453587
0.45400148878819796
0.28520306075941126
0.3182158943092264
0.46068250260649213
0.2820004495381218
0.040302144774175264
0.022953330131362415
0.06273668888958472
0.05623946983268052
0.0004547083826977327
0.2103992730945421
0.1272806770403433
0.1090650185455539
0.18409897683509724
0.3649791445419794
0.06526899400125402
0.20878993261165285
0.15899890861639793
0.35691744342429127
0.3183960849702638
0.48079188681304436
0.005413305371281152
0.46977000852594264
0.21621554279288457
0.39383098960518204
0.3614651907431769
0.11843223481885934
0.3684706334622694
0.48689557610632056
0.044343189830365504
0.16249492079204336
0.1546039467113136
0.21998569440017174
0.20623099197156936
0.4028183575861502
0.45533190582514366
0.13561562355341938
0.4282488826088735
0.413617806184062
0.4618566691112307
0.42835650256661695
0.30089464733579024
0.10018096110691749
0.28765026452569303
0.2880920571693179
0.22689463082965583
0.3985193602653068
0.13193657429510897
0.22942938390619433
0.05053695475716219
0.30247256748580825
0.1670757214328515
0.2223524505005628
0.37297326148431803
