-1.46883 1.60082 
-0.6428 0.792062 
-1.81318 1.93652 
-3.24996 3.48557 
-1.58961 1.7532 
-1.65398 1.76488 
-0.904604 1.01535 
0.487486 -0.171953 
-0.167022 0.386273 
0.57056 -0.242806 
0.867609 -0.496158 
0.235766 0.042738 
-2.93581 3.14687 
-1.37318 1.5251 
-0.355834 0.547309 
-2.08965 2.23459 
0.0494524 0.201643 
0.965764 -0.579874 
-0.334724 0.540757 
-2.8311 3.03398 
-0.355834 0.547309 
-2.93581 3.14687 
-3.81548 4.09527 
-0.305118 0.519909 
-3.06149 3.28237 
-3.8783 4.16299 
-4.16738 4.47466 
-3.84901 4.13141 
-3.92023 4.2082 
-3.43432 3.68433 
-4.06685 4.36627 
-4.38099 4.70497 
-4.53597 4.87205 
-4.61553 4.95784 
-3.26671 3.50361 
-3.98301 4.27589 
-4.3391 4.6598 
-4.51503 4.84947 
-4.60299 4.94431 
-0.463554 0.712885 
-0.275259 0.478588 
-2.93581 3.14687 
-1.17856 1.33452 
-3.15778 3.38619 
-3.92854 4.21717 
0.359083 -0.0624399 
-2.47088 2.6456 
0.0242891 0.223105 
0.522732 -0.202014 
-0.275259 0.478588 
-2.6007 2.78557 
-2.00167 2.13973 
-0.464071 0.639624 
0.346502 -0.0517089 
0.0972801 0.160851 
0.784536 -0.425305 
-2.93581 3.14687 
-2.14828 2.2978 
0.359083 -0.0624399 
-2.93581 3.14687 
-3.81548 4.09527 
-4.25953 4.57402 
-0.9443 1.16765 
0.716542 -0.367315 
-2.93581 3.14687 
-3.81548 4.09527 
-2.219 2.39852 
-1.36966 1.49915 
0.442157 -0.133293 
-2.3703 2.53717 
-3.04054 3.25978 
-2.48755 2.66358 
-1.61016 1.73687 
-1.92625 2.05842 
-0.403662 0.588101 
-2.93581 3.14687 
-2.37869 2.54621 
-2.9023 3.11073 
0.238265 0.0406061 
-2.93581 3.14687 
-3.24996 3.48557 
-3.72752 4.00043 
-4.21342 4.52431 
-4.45635 4.78622 
-4.57782 4.91718 
-0.0200512 0.275541 
-2.91488 3.12429 
-0.8538 1.01469 
-2.74733 2.94366 
0.359083 -0.0624399 
-2.38705 2.55523 
-3.54318 3.8017 
-1.07841 1.26502 
-0.856174 0.989272 
0.535314 -0.212746 
-1.66421 1.82197 
-1.75871 1.87779 
-3.23321 3.46751 
-3.96626 4.25783 
0.0128543 0.232859 
-0.406161 0.590233 
-0.46657 0.641756 
-2.93581 3.14687 
-3.01543 3.2327 
-0.420019 0.602055 
-1.20502 1.31874 
-0.0738652 0.306821 
-2.91907 3.12881 
-1.36478 1.51605 
-3.19972 3.43139 
0.0117077 0.233836 
0.416994 -0.111831 
-2.93581 3.14687 
0.321338 -0.030247 
1.05892 -0.659326 
-2.93581 3.14687 
-1.97789 2.11934 
-0.250096 0.457126 
-0.106612 0.33475 
-2.05615 2.19847 
-3.37987 3.62562 
-0.686632 0.872941 
-1.00886 1.13465 
-3.02378 3.24171 
-2.47914 2.65451 
-3.58921 3.85133 
-4.13798 4.44297 
-1.00325 1.22014 
-3.26671 3.50363 
-3.98301 4.27589 
-4.25114 4.56497 
-3.81127 4.09074 
-0.14557 0.367987 
0.487486 -0.171953 
-2.06169 2.20969 
-1.64146 1.75138 
-3.16621 3.39526 
-3.37978 3.62553 
-0.0587847 0.293958 
0.165274 0.10286 
1.02367 -0.629265 
0.938102 -0.55628 
0.0217904 0.225237 
-2.5002 2.67722 
0.0846984 0.171582 
-2.93581 3.14687 
-2.11479 2.26169 
-0.39108 0.577371 
-2.93581 3.14687 
0.155191 0.111459 
-2.93581 3.14687 
-3.81548 4.09527 
-4.17157 4.47918 
-2.71381 2.90752 
-3.71077 3.98237 
-4.20507 4.5153 
0.359083 -0.0624399 
-1.21926 1.37548 
-3.16621 3.39526 
-3.22481 3.45844 
0.359083 -0.0624399 
-0.380997 0.568771 
-2.93581 3.14687 
0.132526 0.13079 
-2.30329 2.46492 
-3.50133 3.75657 
-1.62999 1.80489 
-0.297923 0.497918 
-0.725874 0.862915 
0.404412 -0.1011 
-1.76375 1.91296 
0.130028 0.132921 
-2.93581 3.14687 
-0.224932 0.435664 
0.595723 -0.264268 
-1.76338 1.92364 
-1.03261 1.15501 
-1.93045 2.06295 
-3.31277 3.55328 
-0.322267 0.518688 
0.203019 0.0706673 
-2.60911 2.79464 
-3.6563 3.92366 
-1.58772 1.77039 
-0.735587 0.873256 
-0.728373 0.865047 
-2.93581 3.14687 
-0.295425 0.495786 
-2.1064 2.25265 
-0.343252 0.536578 
-0.617637 0.7706 
-0.0965296 0.326151 
-2.76409 2.96173 
-1.17178 1.31904 
-3.13271 3.35914 
-3.91179 4.19911 
-0.261597 0.481154 
-2.78084 2.97979 
-3.74007 4.01397 
-0.546193 0.751841 
-1.01146 1.14562 
0.51265 -0.193415 
-1.41761 1.57883 
-0.0109569 0.253166 
0.595723 -0.264268 
0.235766 0.042738 
-2.93581 3.14687 
-2.186 2.33846 
-0.046203 0.283227 
0.346502 -0.0517089 
1.03626 -0.639996 
1.00101 -0.609935 
-2.93581 3.14687 
-3.81548 4.09527 
-0.446617 0.658471 
0.643551 -0.30506 
-2.58395 2.76751 
-0.0336215 0.272496 
-0.952388 1.09067 
-0.393579 0.579502 
-2.93581 3.14687 
-3.81548 4.09527 
-4.25953 4.57402 
-0.867336 1.09283 
-3.24996 3.48557 
-1.76335 1.92361 
-1.86342 1.99068 
-0.39108 0.577371 
-1.65821 1.76944 
-1.66234 1.77389 
-0.343252 0.536578 
-0.212351 0.424933 
-1.98071 2.11714 
-0.961312 1.0758 
-2.98606 3.20105 
0.180354 0.0899975 
-1.59436 1.73383 
-0.15444 0.375542 
-2.93581 3.14687 
-2.35772 2.52361 
0.359083 -0.0624399 
0.557978 -0.232075 
0.250846 0.0298753 
-2.93581 3.14687 
-0.0336215 0.272496 
0.155191 0.111459 
-2.27398 2.43333 
-3.48458 3.73851 
-0.558937 0.752174 
-3.07824 3.30043 
-3.30864 3.54882 
-0.673988 0.85697 
0.0595353 0.193043 
-2.93581 3.14687 
-3.35889 3.603 
0.359083 -0.0624399 
-2.17761 2.32943 
-2.97353 3.18753 
0.0595353 0.193043 
-2.93581 3.14687 
-1.14631 1.30266 
-0.247597 0.454994 
-1.71267 1.82815 
-0.582391 0.740539 
0.225683 0.0513372 
-1.9109 2.04712 
-3.32118 3.56234 
-1.59812 1.7647 
0.152692 0.113591 
-2.16086 2.31137 
-0.474154 0.648224 
-2.93581 3.14687 
0.072117 0.182312 
0.938102 -0.55628 
-2.38705 2.55523 
-3.54318 3.8017 
0.00162482 0.242435 
0.190437 0.0813982 
-1.46738 1.60976 
0.45224 -0.141892 
-0.677333 0.848929 
0.344003 -0.0495772 
-0.508377 0.677421 
0.593224 -0.262136 
-2.76409 2.96173 
0.167772 0.100729 
0.213101 0.0620681 
-0.765982 0.922347 
-2.01421 2.15326 
-0.464071 0.639624 
-1.15593 1.26638 
-3.028 3.24625 
0.155191 0.111459 
0.928019 -0.547681 
-2.93581 3.14687 
-3.81548 4.09527 
-3.16621 3.39526 
-3.92854 4.21717 
-4.31813 4.6372 
-0.00893784 0.253065 
-3.05307 3.27329 
-0.15444 0.375542 
-2.93581 3.14687 
-2.87299 3.07913 
-1.05557 1.21007 
-2.04779 2.18945 
0.359083 -0.0624399 
0.819782 -0.455366 
-0.2584 0.464216 
-0.557228 0.719077 
0.308757 -0.0195159 
0.296175 -0.00878513 
-0.451489 0.628893 
-1.72942 1.84621 
0.273511 0.0105451 
-2.5672 2.74946 
-3.63114 3.89653 
-3.54318 3.8017 
-3.03632 3.25523 
-2.81432 3.01588 
-3.29187 3.53075 
-3.99142 4.28495 
-1.04134 1.25012 
-3.22487 3.45851 
-3.95792 4.24884 
-4.32654 4.64626 
-4.51082 4.84494 
-4.59878 4.93978 
-1.37514 1.60709 
-1.28236 1.43243 
-1.45144 1.55701 
-1.01947 1.11333 
-1.16534 1.24564 
-2.95256 3.16493 
-2.27811 2.43778 
-1.94299 2.07646 
-0.862254 0.979234 
-2.95256 3.16493 
-3.82383 4.10428 
-3.74426 4.01849 
-4.22182 4.53336 
0.359083 -0.0624399 
-2.93581 3.14687 
-3.81548 4.09527 
-4.14228 4.4476 
-3.50132 3.75656 
-0.106612 0.33475 
0.525231 -0.204146 
-2.93581 3.14687 
-2.39544 2.56427 
-0.177105 0.394872 
0.180354 0.0899975 
-1.45172 1.59346 
-1.84667 1.97262 
-3.27093 3.50817 
0.180354 0.0899975 
-0.129277 0.35408 
-2.93581 3.14687 
-3.61858 3.88299 
-2.14647 2.31742 
-2.09796 2.24355 
-0.189686 0.405603 
-2.93581 3.14687 
-3.81548 4.09527 
-2.74312 2.93912 
-3.01959 3.23719 
-3.17875 3.40879 
-3.14944 3.37719 
-3.9202 4.20818 
-4.23858 4.55143 
-4.4145 4.7411 
0.359083 -0.0624399 
-2.93581 3.14687 
-3.18296 3.41332 
0.311256 -0.0216478 
-1.45016 1.59994 
-0.224932 0.435664 
-0.131776 0.356212 
-2.42476 2.59589 
-2.28654 2.44686 
-0.0109569 0.253166 
0.930518 -0.549813 
-2.8311 3.03398 
-0.39108 0.577371 
-0.630219 0.781331 
-2.32845 2.49204 
-3.51387 3.7701 
-4.10449 4.40687 
-3.57247 3.83328 
-0.141859 0.364811 
0.870108 -0.49829 
-0.233237 0.442754 
0.250846 0.0298753 
-2.93581 3.14687 
-0.68846 0.853335 
-1.83414 1.95911 
-3.26671 3.50363 
0.263428 0.0191443 
-1.7695 1.911 
-0.000874162 0.244567 
-1.99333 2.13073 
-0.700711 0.841453 
-0.771203 0.901575 
-2.93581 3.14687 
-3.81548 4.09527 
-3.69402 3.96432 
-0.1645 0.384129 
-2.85628 3.06111 
-1.08059 1.2347 
0.142609 0.12219 
0.308757 -0.0195159 
1.09417 -0.689387 
-2.93581 3.14687 
-3.81548 4.09527 
-0.531989 0.742351 
-0.667744 0.813343 
-2.07289 2.21652 
-2.92741 3.13781 
-2.83945 3.04297 
-0.320588 0.517248 
-2.93581 3.14687 
-1.34512 1.49776 
-3.1955 3.42685 
-1.85162 2.00771 
-0.725874 0.862915 
-2.79339 2.99331 
-0.380997 0.568771 
-1.19256 1.30764 
-0.667964 0.813524 
-2.93581 3.14687 
-0.343252 0.536578 
0.595723 -0.264268 
-2.93581 3.14687 
-3.81548 4.09527 
-3.26258 3.49916 
-3.34635 3.58948 
-0.237514 0.446395 
-0.511899 0.680417 
-0.192185 0.407735 
-2.93581 3.14687 
-2.48763 2.66366 
-0.403662 0.588101 
-0.202268 0.416334 
0.51265 -0.193415 
0.369166 -0.071039 
-2.93581 3.14687 
-0.465545 0.640885 
-1.74204 1.85981 
-0.665465 0.811392 
-0.106612 0.33475 
-1.10929 1.24059 
-0.0235386 0.263897 
-2.93581 3.14687 
-3.81548 4.09527 
-2.65935 2.8488 
-2.95678 3.16947 
-1.47104 1.62245 
-2.12314 2.27069 
-2.22785 2.38359 
-0.521982 0.689016 
-1.77127 1.89134 
0.359083 -0.0624399 
-2.93581 3.14687 
-2.04357 2.18491 
-3.12849 3.3546 
-1.78587 1.93973 
-2.99441 3.21005 
-3.69815 3.96878 
-0.175338 0.393374 
0.474905 -0.161222 
-0.217348 0.429197 
0.497569 -0.180552 
1.18982 -0.770972 
-2.93581 3.14687 
-0.436606 0.6162 
0.716542 -0.367315 
-2.09373 2.25474 
-0.0738652 0.306821 
0.520234 -0.199883 
-0.323087 0.51938 
0.142609 0.12219 
-2.93581 3.14687 
0.0595353 0.193043 
0.180354 0.0899975 
0.250846 0.0298753 
-0.15444 0.375542 
-1.74197 1.85974 
-3.21647 3.44945 
-0.376732 0.565142 
0.608305 -0.274999 
-2.93581 3.14687 
-1.08907 1.24619 
-1.68751 1.80102 
-1.6163 1.72424 
-3.15781 3.38621 
-3.92854 4.21717 
-0.0996825 0.328851 
-2.3452 2.5101 
-1.39638 1.51979 
-2.61331 2.79915 
-1.61577 1.74816 
-3.22067 3.45398 
-3.18296 3.41332 
-1.4708 1.63325 
0.20052 0.0727991 
-2.93581 3.14687 
-2.23204 2.38811 
-3.46361 3.7159 
-1.81198 1.98185 
0.167772 0.100729 
-0.0612833 0.29609 
0.535314 -0.212746 
0.666216 -0.32439 
-2.93581 3.14687 
-3.23742 3.47204 
-2.60068 2.78555 
-3.64789 3.91458 
-3.66043 3.92811 
-4.1757 4.48363 
-0.938849 1.15886 
-3.25832 3.49457 
-1.88513 2.04383 
-0.620136 0.772732 
0.57056 -0.242806 
-2.93581 3.14687 
-1.57612 1.72466 
-3.24996 3.48557 
-3.97045 4.26235 
-3.53483 3.79269 
0.228182 0.0492053 
-0.0361202 0.274628 
-1.9095 2.04036 
-1.60374 1.7107 
-2.75574 2.95272 
-3.162 3.39073 
-2.62157 2.80808 
0.359083 -0.0624399 
-0.227431 0.437796 
-2.93581 3.14687 
-2.31168 2.47396 
-2.20697 2.36107 
-3.44686 3.69784 
-4.07097 4.37073 
-2.98605 3.20103 
-2.89809 3.1062 
-1.96114 2.10128 
-0.323087 0.51938 
-0.380997 0.568771 
-0.905389 1.02601 
-1.79221 1.91392 
0.298674 -0.0109167 
-1.63637 1.78146 
-0.131776 0.356212 
-0.897922 1.03195 
-3.01957 3.23718 
-2.20268 2.35646 
-1.07438 1.1977 
-0.6428 0.792062 
0.0469537 0.203774 
-2.93581 3.14687 
-0.285342 0.487187 
-0.0965296 0.326151 
-2.93581 3.14687 
-3.81548 4.09527 
-4.25953 4.57402 
-0.721647 0.94975 
-3.028 3.24625 
-1.76788 1.91741 
-0.000874162 0.244567 
-2.93581 3.14687 
-3.81548 4.09527 
-0.726523 0.932851 
-1.62987 1.75521 
-1.12828 1.23075 
-2.04774 2.1894 
0.273511 0.0105451 
0.855028 -0.485427 
-0.766255 0.958782 
-1.36295 1.48609 
-2.91064 3.11974 
-3.80286 4.08167 
-4.24692 4.56042 
-4.4731 4.80428 
-0.339289 0.584157 
0.797117 -0.436036 
0.618388 -0.283598 
-2.31583 2.47845 
-2.82269 3.02491 
-0.343252 0.536578 
-0.781483 0.910344 
0.165274 0.10286 
0.107363 0.152251 
-1.04035 1.18551 
-3.09079 3.31395 
-3.70658 3.97785 
-3.32121 3.56238 
-4.0082 4.30305 
-2.40482 2.59071 
-3.59342 3.85586 
-2.90643 3.11519 
-2.65094 2.83974 
-0.164523 0.384141 
-2.93581 3.14687 
-3.81548 4.09527 
-3.31704 3.55788 
0.359083 -0.0624399 
0.583142 -0.253537 
-2.20277 2.35655 
-2.19023 2.34302 
-0.15444 0.375542 
-0.698605 0.83966 
-0.524481 0.691148 
-2.93581 3.14687 
-0.285342 0.487187 
-2.93581 3.14687 
-1.91643 2.05833 
-1.73774 1.85518 
-0.594973 0.75127 
-2.62167 2.80817 
-2.39544 2.56428 
-2.6761 2.86687 
-2.4373 2.6094 
-3.05729 3.27784 
-2.92319 3.13326 
-2.05192 2.19392 
-2.52948 2.70878 
-0.511899 0.680417 
0.165274 0.10286 
-2.42476 2.59589 
-3.56415 3.8243 
-4.12966 4.434 
-4.41031 4.73658 
-1.05199 1.28083 
0.714043 -0.365183 
-2.93581 3.14687 
-1.62926 1.77669 
-1.91789 2.0494 
-3.25418 3.49011 
-0.0109569 0.253166 
-2.93581 3.14687 
0.33392 -0.0409778 
-2.93581 3.14687 
-3.81548 4.09527 
-0.361228 0.57458 
0.522732 -0.202014 
0.618388 -0.283598 
-1.97476 2.13229 
-3.39662 3.64368 
-0.0336215 0.272496 
0.416994 -0.111831 
-0.531559 0.703415 
-2.91907 3.12881 
-2.33258 2.49649 
0.359083 -0.0624399 
0.915437 -0.53695 
0.0846984 0.171582 
-2.66771 2.85782 
-3.6814 3.95072 
-3.47197 3.72492 
0.0846984 0.171582 
0.560477 -0.234207 
-1.44995 1.61312 
-2.51692 2.69524 
-0.795413 0.93833 
-3.01125 3.22819 
-0.786477 0.953186 
-3.02379 3.24172 
-3.86155 4.14494 
-0.443655 0.658195 
-1.74042 1.86623 
-1.30737 1.4075 
-2.3117 2.47399 
-1.85932 1.98625 
-0.954689 1.06283 
-2.96518 3.17852 
-2.31581 2.47842 
0.119945 0.14152 
1.00101 -0.609935 
-2.93581 3.14687 
-3.81548 4.09527 
0.250846 0.0298753 
-0.0587847 0.293958 
-1.81318 1.93652 
-0.320588 0.517248 
-1.75453 1.87328 
-0.27276 0.476456 
0.132526 0.13079 
-2.93581 3.14687 
-2.26976 2.42877 
-3.48036 3.73396 
-0.199966 0.414372 
-2.73892 2.9346 
-2.98185 3.19651 
-3.84058 4.12233 
-2.51273 2.69072 
-0.936883 1.07687 
0.311256 -0.0216478 
-1.50743 1.65643 
-1.75871 1.87779 
0.0242891 0.223105 
-1.95142 2.08555 
-0.0940309 0.324019 
0.0947813 0.162982 
-2.93581 3.14687 
-3.81548 4.09527 
-2.70127 2.89399 
0.2156 0.0599363 
0.51265 -0.193415 
1.19232 -0.773103 
0.203019 0.0706673 
0.915437 -0.53695 
-1.85822 2.03405 
-3.34215 3.58496 
0.238265 0.0406061 
-2.93581 3.14687 
-3.76101 4.03655 
-2.56297 2.7449 
-2.32417 2.48744 
-1.06738 1.19541 
0.2156 0.0599363 
-1.5372 1.67978 
-3.22481 3.45844 
-1.26484 1.43336 
-3.21647 3.44945 
-0.0940309 0.324019 
-2.1064 2.25265 
-0.76112 0.892976 
-0.630219 0.781331 
-2.88557 3.09269 
-0.866257 1.02579 
0.595723 -0.264268 
-1.07336 1.24558 
-2.83109 3.03396 
-0.0713662 0.304689 
-0.131776 0.356212 
-2.91907 3.12881 
0.359083 -0.0624399 
-0.736303 0.901431 
-0.817484 0.941051 
-2.86039 3.06556 
-1.14086 1.29387 
0.142609 0.12219 
-2.93581 3.14687 
-3.81548 4.09527 
-3.62701 3.89207 
-4.16316 4.47012 
-2.30114 2.49525 
0.286092 -0.000185847 
-2.93581 3.14687 
-0.129277 0.35408 
-0.131776 0.356212 
-1.23823 1.36561 
-1.51577 1.61587 
-0.725874 0.862915 
-2.93581 3.14687 
-3.81548 4.09527 
-2.96518 3.17852 
-3.83223 4.11333 
-4.26367 4.57848 
-1.63324 1.84396 
0.273511 0.0105451 
-0.428825 0.609564 
-0.690628 0.832854 
-0.738456 0.873646 
0.401914 -0.0989683 
0.545397 -0.221345 
1.05642 -0.657194 
0.321338 -0.030247 
0.2156 0.0599363 
-2.93581 3.14687 
-3.81548 4.09527 
-0.816101 1.02126 
-0.15444 0.375542 
-0.823921 0.957411 
0.547896 -0.223476 
-2.5672 2.74946 
-3.43425 3.68426 
0.190437 0.0813982 
-2.08965 2.23459 
-3.39662 3.64368 
-4.04589 4.34369 
-3.62701 3.89207 
-4.16316 4.47012 
-1.29582 1.50815 
-3.07404 3.29589 
0.359083 -0.0624399 
1.11933 -0.710849 
0.819782 -0.455366 
0.142609 0.12219 
-2.93581 3.14687 
-3.81548 4.09527 
-4.25953 4.57402 
-4.16316 4.47012 
-4.42706 4.75464 
-0.974993 1.20599 
-0.320588 0.517248 
-2.93581 3.14687 
-3.81548 4.09527 
0.33392 -0.0409778 
-0.287841 0.489319 
-2.93581 3.14687 
0.132526 0.13079 
-2.93581 3.14687 
-2.32422 2.48749 
-2.01839 2.15776 
-3.35889 3.603 
-4.02492 4.32107 
-4.36004 4.68238 
-4.3391 4.6598 
-1.44408 1.66217 
-0.729364 0.883453 
-3.01957 3.23718 
-3.09913 3.32295 
-0.406488 0.590517 
-2.6426 2.83075 
-3.67305 3.94171 
0.359083 -0.0624399 
-2.93581 3.14687 
-1.91643 2.05833 
-0.0965296 0.326151 
-1.47049 1.59679 
-0.620136 0.772732 
-0.333169 0.527979 
0.225683 0.0513372 
-2.58395 2.76751 
-2.20276 2.35653 
0.107363 0.152251 
-2.93581 3.14687 
0.359083 -0.0624399 
-2.13576 2.2843 
-3.41337 3.66174 
-2.41222 2.58236 
-3.53905 3.79723 
-0.119194 0.345481 
-1.89695 2.02683 
-3.29602 3.53522 
0.0242891 0.223105 
-1.88439 2.0133 
-3.28768 3.52623 
-3.99142 4.28495 
-2.65935 2.8488 
-1.93886 2.07201 
-1.97235 2.10812 
-3.33793 3.5804 
-4.01651 4.31201 
-2.08844 2.27993 
0.0368708 0.212374 
-2.93581 3.14687 
-1.11827 1.27534 
-2.1734 2.32488 
-0.141859 0.364811 
0.0368708 0.212374 
-0.202268 0.416334 
-2.76409 2.96173 
-1.40284 1.546 
0.117446 0.143652 
-0.885252 1.03404 
0.57056 -0.242806 
1.22507 -0.801033 
0.283594 0.00194597 
0.759372 -0.403843 
0.784536 -0.425305 
0.593224 -0.262136 
-1.82375 1.9829 
-2.84363 3.04748 
-0.438908 0.618163 
0.167772 0.100729 
0.331421 -0.0388461 
0.273511 0.0105451 
-0.795273 0.953933 
-0.763619 0.895108 
-2.65516 2.84429 
-3.67305 3.94171 
-3.94538 4.23532 
-3.68561 3.95525 
0.00162482 0.242435 
0.761871 -0.405975 
-2.63841 2.82623 
-0.15444 0.375542 
0.369166 -0.071039 
-2.63841 2.82623 
0.0242891 0.223105 
-2.93581 3.14687 
-0.15444 0.375542 
0.165274 0.10286 
-2.93581 3.14687 
-3.42176 3.67079 
-2.34098 2.50556 
-0.438908 0.618163 
-2.51274 2.69074 
-3.60184 3.86494 
-3.44686 3.69785 
-3.317 3.55784 
-2.89391 3.10169 
-3.79454 4.07269 
0.0368708 0.212374 
-0.368416 0.55804 
0.369166 -0.071039 
0.749289 -0.395244 
-2.90232 3.11075 
-3.79873 4.07721 
-1.83687 2.02211 
-3.30864 3.54882 
-3.99976 4.29395 
-4.35163 4.67332 
0.359083 -0.0624399 
0.45224 -0.141892 
-2.1483 2.29783 
-0.295425 0.495786 
-0.0713662 0.304689 
-1.33741 1.46729 
-0.798865 0.925169 
-1.98071 2.11714 
0.263428 0.0191443 
-2.93581 3.14687 
-3.81548 4.09527 
-4.25953 4.57402 
-3.18296 3.41332 
-2.85624 3.06107 
-0.597692 0.760724 
0.391831 -0.090369 
-1.80846 1.95592 
-3.32118 3.56234 
-4.00817 4.30301 
-2.68865 2.8804 
-0.355834 0.547309 
-1.54657 1.65665 
-1.44456 1.53909 
0.00162482 0.242435 
0.9406 -0.558412 
1.13191 -0.72158 
0.630969 -0.29433 
0.902856 -0.526219 
-2.93581 3.14687 
-0.164523 0.384141 
0.248347 0.0320071 
-2.93581 3.14687 
-2.93581 3.14687 
-3.81548 4.09527 
-2.71381 2.90752 
-3.71077 3.98237 
-1.19145 1.38455 
0.500068 -0.182684 
0.510151 -0.191283 
-2.32845 2.49204 
-3.51387 3.7701 
-4.10449 4.40687 
-1.04682 1.26128 
-3.27507 3.51263 
-0.189686 0.405603 
0.844945 -0.476828 
-2.47088 2.6456 
-1.23229 1.36505 
-2.08122 2.2255 
-0.0713662 0.304689 
-2.90232 3.11075 
-0.308006 0.506517 
-2.93581 3.14687 
-3.37987 3.62562 
0.072117 0.182312 
-2.93581 3.14687 
-2.07707 2.22103 
0.359083 -0.0624399 
0.0595353 0.193043 
-0.0235386 0.263897 
0.928019 -0.547681 
-2.18715 2.35837 
-1.3558 1.4813 
-3.1285 3.35461 
-2.84363 3.04748 
-1.58314 1.72698 
-0.0235386 0.263897 
0.557978 -0.232075 
0.0469537 0.203774 
-1.38355 1.51939 
-2.57138 2.75396 
-2.96097 3.17399 
-0.675986 0.842229 
-1.80057 1.92292 
-1.97236 2.10813 
-3.33793 3.5804 
-3.04465 3.26422 
-3.22481 3.45844 
-3.96204 4.25329 
-0.521966 0.739712 
-3.13271 3.35914 
-3.20806 3.44039 
-3.43011 3.67978 
-2.14386 2.30644 
-3.4594 3.71137 
-4.07938 4.37979 
-1.03428 1.24775 
-0.836165 0.981687 
-2.0436 2.18493 
-3.37145 3.61654 
-3.44686 3.69784 
-1.69013 1.86157 
-3.35049 3.59394 
-2.83944 3.04296 
-2.9232 3.13328 
-1.53968 1.68828 
-1.6163 1.72424 
-0.557228 0.719077 
-0.260179 0.465725 
-2.93581 3.14687 
-1.94563 2.08748 
-1.14464 1.25712 
-0.285342 0.487187 
-0.393579 0.579502 
-1.34766 1.45911 
-3.09079 3.31395 
-1.25813 1.4203 
-2.10217 2.24809 
-0.617637 0.7706 
-1.68331 1.7965 
-2.89391 3.10169 
-3.27514 3.5127 
-3.98301 4.27589 
-0.0238656 0.264181 
0.369166 -0.071039 
-2.38705 2.55523 
-0.295425 0.495786 
-2.93581 3.14687 
-3.81548 4.09527 
-4.04589 4.34369 
0.167772 0.100729 
-2.93581 3.14687 
-0.465545 0.640885 
-2.96518 3.17852 
-3.61858 3.88299 
-0.0235386 0.263897 
-0.179603 0.397004 
-2.93581 3.14687 
-3.81548 4.09527 
0.190437 0.0813982 
0.605806 -0.272868 
1.1999 -0.779571 
-1.31179 1.51372 
-1.28972 1.42405 
-2.02263 2.16233 
0.359083 -0.0624399 
-1.64907 1.79748 
-2.88557 3.09269 
-0.285342 0.487187 
0.449741 -0.13976 
-2.93581 3.14687 
0.359083 -0.0624399 
0.500068 -0.182684 
0.57056 -0.242806 
1.00859 -0.616403 
0.938102 -0.55628 
-1.55851 1.74124 
0.525231 -0.204146 
1.18982 -0.770972 
-1.27953 1.48185 
-0.109111 0.336882 
0.152692 0.113591 
-2.58395 2.76751 
-3.23322 3.46752 
-3.96627 4.25784 
0.359083 -0.0624399 
1.11933 -0.710849 
1.49945 -1.03505 
0.714043 -0.365183 
1.14199 -0.73018 
-2.93581 3.14687 
-0.15444 0.375542 
-2.93581 3.14687 
-0.0587847 0.293958 
0.474905 -0.161222 
0.867609 -0.496158 
0.928019 -0.547681 
-0.0134557 0.255298 
0.449741 -0.13976 
0.43716 -0.129029 
-0.401556 0.586308 
-1.71681 1.83262 
0.0117077 0.233836 
0.522732 -0.202014 
1.2024 -0.781703 
0.666216 -0.32439 
-2.93581 3.14687 
-3.40915 3.65719 
0.273511 0.0105451 
0.034372 0.214505 
-0.27276 0.476456 
0.406911 -0.103232 
0.630969 -0.29433 
1.25023 -0.822495 
-2.93581 3.14687 
-3.81548 4.09527 
-1.87869 2.06486 
-2.47079 2.64551 
-3.58086 3.84232 
-0.182792 0.399727 
0.618388 -0.283598 
-1.00588 1.18157 
0.238265 0.0406061 
0.784536 -0.425305 
-2.58395 2.76751 
0.167772 0.100729 
1.02367 -0.629265 
1.36605 -0.921277 
1.52212 -1.05438 
1.02118 -0.627133 
-2.93581 3.14687 
-2.34097 2.50555 
0.238265 0.0406061 
0.404412 -0.1011 
1.04634 -0.648595 
-0.132299 0.356665 
-2.97353 3.18753 
-0.295425 0.495786 
-0.886923 1.01193 
-1.71267 1.82815 
-0.129277 0.35408 
-2.93581 3.14687 
0.311256 -0.0216478 
-2.93581 3.14687 
-3.81548 4.09527 
-2.81433 3.01589 
-2.75987 2.95717 
-0.237514 0.446395 
-2.93581 3.14687 
-0.129277 0.35408 
0.809699 -0.446767 
1.34589 -0.904079 
1.22507 -0.801033 
1.54728 -1.07585 
-2.32477 2.52889 
-3.18297 3.41334 
-1.58838 1.74896 
-3.1285 3.35461 
-0.392759 0.57881 
0.547896 -0.223476 
-0.371241 0.560456 
-2.01421 2.15326 
0.0494524 0.201643 
0.142609 0.12219 
-1.99333 2.13073 
0.0595353 0.193043 
-2.35776 2.52364 
-0.260179 0.465725 
0.344003 -0.0495772 
-2.93581 3.14687 
-3.53483 3.79269 
0.107363 0.152251 
0.0947813 0.162982 
0.238265 0.0406061 
0.842446 -0.474696 
0.950683 -0.567011 
-2.93581 3.14687 
0.0242891 0.223105 
-2.93581 3.14687 
-0.177105 0.394872 
0.429576 -0.122562 
0.57056 -0.242806 
-2.93581 3.14687 
0.263428 0.0191443 
-2.31583 2.47845 
-1.27032 1.39497 
-2.35776 2.52364 
0.0595353 0.193043 
0.666216 -0.32439 
-2.27398 2.43333 
0.2156 0.0599363 
-0.823235 0.978829 
-0.0487019 0.285359 
0.248347 0.0320071 
1.05892 -0.659326 
-2.93581 3.14687 
0.359083 -0.0624399 
0.391831 -0.090369 
-2.93581 3.14687 
-2.83108 3.03395 
0.155191 0.111459 
1.01359 -0.620666 
1.32072 -0.882617 
-2.93581 3.14687 
-3.81548 4.09527 
-2.93168 3.14241 
-0.164523 0.384141 
0.510151 -0.191283 
-0.310505 0.508649 
0.449741 -0.13976 
-2.93581 3.14687 
0.346502 -0.0517089 
-2.93581 3.14687 
-3.81548 4.09527 
-2.36048 2.53707 
-0.189686 0.405603 
0.427077 -0.12043 
1.15458 -0.740911 
1.4038 -0.95347 
-2.77664 2.97526 
-0.237514 0.446395 
-2.0813 2.22558 
-1.26648 1.37975 
-1.62462 1.73323 
-1.7168 1.83261 
-2.25295 2.41065 
-3.3547 3.59848 
0.00162482 0.242435 
-2.93581 3.14687 
-0.164523 0.384141 
-0.131776 0.356212 
-2.93581 3.14687 
-2.91484 3.12426 
-1.68116 1.82683 
-0.141859 0.364811 
0.177855 0.0921293 
0.391831 -0.090369 
0.928019 -0.547681 
0.963265 -0.577742 
0.915437 -0.53695 
1.35597 -0.912678 
0.985929 -0.597072 
-2.32988 2.50118 
-0.227431 0.437796 
-2.93581 3.14687 
-2.84363 3.04748 
0.0242891 0.223105 
0.487486 -0.171953 
1.17974 -0.762373 
1.52462 -1.05652 
1.01109 -0.618534 
1.3333 -0.893348 
-0.00743508 0.250171 
0.391831 -0.090369 
0.560477 -0.234207 
0.369166 -0.071039 
-0.179603 0.397004 
-2.93581 3.14687 
-0.046203 0.283227 
-0.569809 0.729808 
0.2156 0.0599363 
0.416994 -0.111831 
0.311256 -0.0216478 
-2.20277 2.35655 
-1.72942 1.84621 
0.167772 0.100729 
-0.345751 0.53871 
0.0469537 0.203774 
-2.44151 2.61395 
0.359083 -0.0624399 
0.583142 -0.253537 
0.666216 -0.32439 
1.2729 -0.841825 
1.57244 -1.09731 
1.36855 -0.923409 
0.761871 -0.405975 
-2.14695 2.3092 
0.381748 -0.0817699 
1.13191 -0.72158 
0.678797 -0.335122 
-0.94988 1.12936 
-3.14946 3.3772 
-1.06071 1.2296 
-2.82275 3.02497 
0.359083 -0.0624399 
0.225683 0.0513372 
0.547896 -0.223476 
0.643551 -0.30506 
0.560477 -0.234207 
0.57056 -0.242806 
1.22507 -0.801033 
1.35597 -0.912678 
-2.93581 3.14687 
-1.22749 1.38202 
0.0846984 0.171582 
0.608305 -0.274999 
-0.335799 0.530226 
-2.95678 3.16947 
-0.445738 0.623992 
-2.95256 3.16493 
-1.30035 1.45475 
0.286092 -0.000185847 
0.167772 0.100729 
-2.24883 2.4062 
0.359083 -0.0624399 
-1.53564 1.68626 
0.369166 -0.071039 
0.630969 -0.29433 
-2.93581 3.14687 
-0.497539 0.668176 
-0.559727 0.721209 
0.308757 -0.0195159 
-1.94029 2.08115 
-2.73056 2.92558 
-2.62585 2.81268 
-0.224932 0.435664 
0.321338 -0.030247 
0.0242891 0.223105 
0.953182 -0.569143 
0.593224 -0.262136 
-2.8646 3.07009 
-3.78198 4.05915 
0.0494524 0.201643 
-1.33166 1.46926 
0.356584 -0.0603081 
0.535314 -0.212746 
0.618388 -0.283598 
0.915437 -0.53695 
1.36855 -0.923409 
1.00101 -0.609935 
1.0715 -0.670057 
-2.93581 3.14687 
-0.39108 0.577371 
-0.167022 0.386273 
0.857526 -0.487559 
-0.454011 0.652461 
-3.01125 3.22819 
0.0972801 0.160851 
0.844945 -0.476828 
-2.5421 2.72239 
-0.416243 0.598832 
0.653634 -0.31366 
0.308757 -0.0195159 
-2.93581 3.14687 
0.321338 -0.030247 
-1.67703 1.82238 
-3.27093 3.50817 
-3.98301 4.27589 
0.346502 -0.0517089 
-2.93581 3.14687 
-1.97789 2.11934 
-3.35468 3.59846 
0.0242891 0.223105 
-2.74735 2.94367 
-1.37053 1.51409 
0.477404 -0.163354 
1.00101 -0.609935 
0.975846 -0.588473 
1.08158 -0.678657 
0.500068 -0.182684 
0.711544 -0.363051 
0.759372 -0.403843 
0.439658 -0.131161 
0.724126 -0.373782 
-2.3452 2.5101 
-0.15444 0.375542 
0.641052 -0.302929 
-0.134274 0.358344 
0.187938 0.0835301 
0.996012 -0.605671 
-2.93581 3.14687 
-2.60909 2.79461 
-1.30351 1.44183 
-1.9514 2.08554 
0.359083 -0.0624399 
-2.93581 3.14687 
-0.834149 0.996416 
0.225683 0.0513372 
1.04884 -0.650727 
0.809699 -0.446767 
-0.627662 0.82044 
-3.09499 3.31848 
-1.45275 1.61088 
-0.735957 0.871514 
0.2156 0.0599363 
-2.93581 3.14687 
-0.333169 0.527979 
0.286092 -0.000185847 
0.225683 0.0513372 
0.630969 -0.29433 
0.892773 -0.51762 
0.844945 -0.476828 
0.369166 -0.071039 
0.736708 -0.384513 
-0.0487019 0.285359 
-1.99333 2.13073 
0.359083 -0.0624399 
1.05892 -0.659326 
1.0715 -0.670057 
1.02367 -0.629265 
1.45163 -0.994262 
1.6656 -1.17676 
0.902856 -0.526219 
0.676298 -0.33299 
0.736708 -0.384513 
1.1999 -0.779571 
1.5347 -1.06511 
1.42896 -0.974932 
1.65552 -1.16816 
1.69076 -1.19822 
1.69076 -1.19822 
1.3333 -0.893348 
-0.390221 0.616914 
0.0117077 0.233836 
0.225683 0.0513372 
0.00162482 0.242435 
-0.428825 0.609564 
0.487486 -0.171953 
0.263428 0.0191443 
-2.38705 2.55523 
0.142609 0.12219 
-2.77664 2.97526 
-3.04888 3.26877 
0.238265 0.0406061 
-0.250096 0.457126 
-0.262677 0.467857 
-2.21533 2.37009 
-0.767404 0.898341 
-1.98493 2.12168 
-0.783785 0.912306 
-1.67496 1.78749 
-3.02378 3.24171 
-2.59647 2.78102 
-3.05728 3.27782 
0.107363 0.152251 
0.666216 -0.32439 
0.867609 -0.496158 
-2.93581 3.14687 
0.359083 -0.0624399 
1.05892 -0.659326 
0.867609 -0.496158 
0.975846 -0.588473 
1.42896 -0.974932 
1.65552 -1.16816 
-2.14396 2.35611 
0.190437 0.0813982 
-0.0965296 0.326151 
-2.62167 2.80817 
-0.237514 0.446395 
0.51265 -0.193415 
0.703961 -0.356584 
0.155191 0.111459 
1.01359 -0.620666 
1.31064 -0.874018 
0.928019 -0.547681 
0.68888 -0.343721 
-2.32845 2.49204 
-3.51387 3.7701 
-4.10449 4.40687 
-0.475538 0.700737 
0.228182 0.0492053 
0.464822 -0.152623 
-2.1064 2.25265 
0.142609 0.12219 
1.01109 -0.618534 
-1.22787 1.42091 
-0.345751 0.53871 
0.510151 -0.191283 
0.0696182 0.184444 
0.771954 -0.414574 
1.32072 -0.882617 
-2.93581 3.14687 
-0.119194 0.345481 
-0.453988 0.631025 
-0.559727 0.721209 
0.583142 -0.253537 
-2.45826 2.632 
-2.54204 2.72232 
-0.320588 0.517248 
-0.179603 0.397004 
-0.6428 0.792062 
0.474905 -0.161222 
-2.93581 3.14687 
-0.106612 0.33475 
-2.79339 2.99331 
-1.70373 1.843 
-0.333169 0.527979 
-0.76112 0.892976 
0.560477 -0.234207 
-0.761005 0.936801 
0.072117 0.182312 
0.880191 -0.506889 
1.0715 -0.670057 
-0.149812 0.371605 
0.379249 -0.0796381 
0.938102 -0.55628 
-2.5421 2.72239 
-1.57805 1.7075 
0.263428 0.0191443 
-2.93581 3.14687 
-0.63119 0.796841 
0.605806 -0.272868 
-1.19093 1.36126 
-3.1955 3.42685 
-2.66769 2.85779 
0.167772 0.100729 
0.749289 -0.395244 
1.02367 -0.629265 
-0.757538 0.960469 
0.487486 -0.171953 
-2.93581 3.14687 
-3.81548 4.09527 
0.359083 -0.0624399 
-0.275259 0.478588 
-2.6007 2.78557 
0.359083 -0.0624399 
-0.416243 0.598832 
0.726625 -0.375914 
0.736708 -0.384513 
0.593224 -0.262136 
-1.42199 1.58823 
-2.79338 2.9933 
-0.0713662 0.304689 
-0.0839479 0.31542 
-2.93581 3.14687 
0.180354 0.0899975 
0.834862 -0.468229 
0.857526 -0.487559 
1.36855 -0.923409 
1.35847 -0.91481 
-2.74735 2.94367 
-2.32003 2.48297 
-2.42054 2.59133 
-0.701045 0.841818 
-2.97353 3.18753 
-3.03639 3.2553 
-2.6761 2.86686 
-3.05728 3.27782 
0.190437 0.0813982 
-1.35395 1.49854 
0.177855 0.0921293 
0.427077 -0.12043 
-1.14767 1.30938 
0.547896 -0.223476 
-1.67377 1.83285 
-3.30443 3.54429 
0.0242891 0.223105 
-1.68434 1.81394 
-0.869358 0.985291 
-2.47088 2.6456 
0.298674 -0.0109167 
0.130028 0.132921 
1.00101 -0.609935 
1.00101 -0.609935 
0.809699 -0.446767 
0.0469537 0.203774 
0.605806 -0.272868 
1.069 -0.667925 
0.43716 -0.129029 
-2.27398 2.43333 
-1.01422 1.141 
-2.04779 2.18945 
-0.368416 0.55804 
0.703961 -0.356584 
-0.257876 0.463763 
0.248347 0.0320071 
1.02118 -0.627133 
1.21249 -0.790302 
1.29556 -0.861155 
1.58253 -1.10591 
-2.93581 3.14687 
-0.403662 0.588101 
-0.141859 0.364811 
-2.93581 3.14687 
-0.545819 0.712961 
-2.69288 2.88495 
0.359083 -0.0624399 
-2.93581 3.14687 
-3.81548 4.09527 
-4.25953 4.57402 
-1.34607 1.56232 
0.240764 0.0384743 
-2.25723 2.41527 
-0.237514 0.446395 
-0.250096 0.457126 
0.701462 -0.354452 
0.855028 -0.485427 
-0.944204 1.13374 
-3.17875 3.40879 
-2.16505 2.31587 
-0.778086 0.907451 
-2.88557 3.09269 
-1.89128 2.03121 
-3.3254 3.56689 
0.167772 0.100729 
0.142609 0.12219 
-0.53476 0.699916 
-2.93581 3.14687 
-2.6761 2.86686 
-0.129277 0.35408 
0.666216 -0.32439 
1.02118 -0.627133 
0.296175 -0.00878513 
0.225683 0.0513372 
0.525231 -0.204146 
0.331421 -0.0388461 
-2.93581 3.14687 
-3.69822 3.96885 
-1.90122 2.08098 
-2.30747 2.46943 
-3.50132 3.75656 
-0.372811 0.570737 
-3.03219 3.25077 
-0.482642 0.655928 
-0.179603 0.397004 
0.439658 -0.131161 
-2.93581 3.14687 
-0.368416 0.55804 
0.190437 0.0813982 
0.892773 -0.51762 
0.771954 -0.414574 
1.32072 -0.882617 
-0.320354 0.546837 
-0.0134557 0.255298 
-2.93581 3.14687 
0.359083 -0.0624399 
1.11933 -0.710849 
-2.52948 2.7088 
-3.55993 3.81976 
-0.0336215 0.272496 
-2.93581 3.14687 
-3.81548 4.09527 
-2.54209 2.72238 
-1.61032 1.73937 
0.0696182 0.184444 
-0.275259 0.478588 
-0.0612833 0.29609 
0.286092 -0.000185847 
0.0469537 0.203774 
0.963265 -0.577742 
0.724126 -0.373782 
0.583142 -0.253537 
1.22757 -0.803164 
0.489985 -0.174085 
-2.5421 2.72239 
0.0494524 0.201643 
-0.630742 0.781784 
-1.35943 1.46014 
-1.8802 2.00878 
-1.51577 1.61587 
-2.03937 2.18038 
-0.237514 0.446395 
0.82228 -0.457498 
0.857526 -0.487559 
1.04634 -0.648595 
0.975846 -0.588473 
0.308757 -0.0195159 
1.09417 -0.689387 
1.37863 -0.932008 
-2.93581 3.14687 
0.119945 0.14152 
-2.93581 3.14687 
-0.320588 0.517248 
0.238265 0.0406061 
-2.93581 3.14687 
-3.81548 4.09527 
-4.25953 4.57402 
-1.54901 1.76189 
-0.0235386 0.263897 
-1.54046 1.66931 
-0.834111 0.95523 
-2.93581 3.14687 
-2.94421 3.15592 
-3.81548 4.09527 
0.359083 -0.0624399 
-2.93581 3.14687 
-3.81548 4.09527 
-0.564242 0.774212 
0.404412 -0.1011 
0.104864 0.154383 
0.0947813 0.162982 
0.45224 -0.141892 
-0.0839479 0.31542 
0.724126 -0.373782 
1.29806 -0.863287 
1.01359 -0.620666 
-2.17289 2.34882 
-2.24883 2.4062 
-1.77127 1.89134 
0.238265 0.0406061 
-0.0260373 0.266029 
-2.93581 3.14687 
0.321338 -0.030247 
-1.70929 1.85424 
0.344003 -0.0495772 
1.10675 -0.700118 
0.82228 -0.457498 
0.643551 -0.30506 
-2.93581 3.14687 
-2.42894 2.60038 
-1.88017 2.00874 
-3.28768 3.52623 
-0.385669 0.573526 
-3.01125 3.22819 
0.286092 -0.000185847 
1.01109 -0.618534 
0.547896 -0.223476 
-0.789068 0.964142 
-3.09499 3.31848 
-3.89505 4.18105 
-4.30138 4.61914 
-0.482403 0.716294 
-3.07404 3.29589 
-1.84195 1.99202 
-3.33793 3.5804 
-4.01651 4.31201 
-0.00295615 0.246348 
-0.64258 0.791881 
-0.82153 0.944499 
0.404412 -0.1011 
-0.0260373 0.266029 
0.391831 -0.090369 
0.391831 -0.090369 
0.963265 -0.577742 
0.855028 -0.485427 
0.950683 -0.567011 
0.500068 -0.182684 
-1.79315 1.94699 
-0.0612833 0.29609 
0.107363 0.152251 
0.344003 -0.0495772 
-2.05615 2.19847 
-0.557228 0.719077 
-1.88439 2.0133 
0.0595353 0.193043 
-0.355834 0.547309 
0.666216 -0.32439 
1.2729 -0.841825 
1.14199 -0.73018 
1.51203 -1.04579 
0.356584 -0.0603081 
0.998511 -0.607803 
-2.91907 3.12881 
-2.47923 2.65461 
-0.15444 0.375542 
0.832363 -0.466097 
-2.93581 3.14687 
-3.51808 3.77463 
-0.176546 0.394395 
-2.93581 3.14687 
0.107363 0.152251 
0.225683 0.0513372 
1.04884 -0.650727 
1.09417 -0.689387 
1.10425 -0.697987 
1.05642 -0.657194 
0.0821999 0.173713 
-0.489234 0.661086 
-2.24883 2.4062 
-1.87178 1.9997 
0.107363 0.152251 
-2.93581 3.14687 
0.119945 0.14152 
0.666216 -0.32439 
0.344003 -0.0495772 
-2.93581 3.14687 
0.190437 0.0813982 
1.03626 -0.639996 
-0.0336215 0.272496 
0.155191 0.111459 
1.01359 -0.620666 
0.892773 -0.51762 
-2.93581 3.14687 
-3.81548 4.09527 
-1.44467 1.63831 
-2.28651 2.44683 
-0.721282 0.859001 
0.311256 -0.0216478 
-0.106612 0.33475 
0.525231 -0.204146 
0.416994 -0.111831 
-1.5619 1.71515 
-0.15444 0.375542 
0.404412 -0.1011 
0.117446 0.143652 
0.676298 -0.33299 
0.985929 -0.597072 
1.35597 -0.912678 
1.47429 -1.01359 
1.67818 -1.18749 
0.726625 -0.375914 
-0.346602 0.539448 
-0.285342 0.487187 
0.797117 -0.436036 
-0.0361202 0.274628 
-2.74735 2.94367 
-2.75147 2.94812 
-3.72333 3.99591 
-0.114043 0.341091 
0.532815 -0.210614 
0.618388 -0.283598 
-2.58395 2.76751 
-3.63955 3.9056 
-0.157069 0.377788 
0.286092 -0.000185847 
-2.93581 3.14687 
-0.141859 0.364811 
-0.75644 0.893402 
0.250846 0.0298753 
-2.93581 3.14687 
0.359083 -0.0624399 
0.273511 0.0105451 
0.902856 -0.526219 
-2.70963 2.90301 
-2.88556 3.09268 
-0.0713662 0.304689 
-1.96396 2.09908 
-3.32953 3.57135 
-4.0123 4.30748 
0.359083 -0.0624399 
1.11933 -0.710849 
1.33081 -0.891216 
-2.93581 3.14687 
0.190437 0.0813982 
-2.23208 2.38814 
-0.202268 0.416334 
0.595723 -0.264268 
1.23765 -0.811764 
0.950683 -0.567011 
0.344003 -0.0495772 
0.880191 -0.506889 
-2.93581 3.14687 
-2.16083 2.31133 
-0.0235386 0.263897 
-2.0813 2.22558 
-0.177105 0.394872 
0.691379 -0.345852 
0.142609 0.12219 
0.235766 0.042738 
0.676298 -0.33299 
1.21249 -0.790302 
1.28548 -0.852556 
0.736708 -0.384513 
-2.93581 3.14687 
0.359083 -0.0624399 
0.57056 -0.242806 
0.759372 -0.403843 
1.32072 -0.882617 
1.59511 -1.11664 
1.6656 -1.17676 
1.77384 -1.26908 
0.9406 -0.558412 
-1.18181 1.37125 
0.608305 -0.274999 
1.17974 -0.762373 
-1.29199 1.49295 
-3.30443 3.54429 
0.0242891 0.223105 
-2.93581 3.14687 
-0.355834 0.547309 
0.369166 -0.071039 
1.11933 -0.710849 
-2.91907 3.12881 
0.359083 -0.0624399 
0.391831 -0.090369 
-2.66771 2.85782 
-2.38705 2.55523 
-3.54318 3.8017 
-4.12124 4.42493 
-0.0784322 0.311069 
0.273511 0.0105451 
-2.03518 2.17586 
0.155191 0.111459 
0.321338 -0.030247 
1.05892 -0.659326 
-2.60911 2.79464 
-3.34215 3.58496 
-1.23812 1.41272 
-3.22481 3.45844 
0.359083 -0.0624399 
-2.93581 3.14687 
-1.91643 2.05833 
-2.86037 3.06554 
-0.119194 0.345481 
-2.93581 3.14687 
-2.98606 3.20105 
-0.0713662 0.304689 
0.57056 -0.242806 
-0.43217 0.614922 
0.462323 -0.150491 
0.905354 -0.528351 
0.273511 0.0105451 
0.296175 -0.00878513 
-2.93581 3.14687 
-1.86445 2.00812 
0.39433 -0.0925009 
0.905354 -0.528351 
-2.93581 3.14687 
-2.66355 2.85333 
0.359083 -0.0624399 
-0.426523 0.607601 
0.369166 -0.071039 
1.11933 -0.710849 
1.33081 -0.891216 
1.48437 -1.02219 
1.03376 -0.637864 
-0.436947 0.64514 
-3.07824 3.30043 
-2.60909 2.79461 
-0.760343 0.908682 
-0.285342 0.487187 
-1.9095 2.04036 
-0.0587847 0.293958 
0.797117 -0.436036 
0.165274 0.10286 
-1.30908 1.45309 
-3.162 3.39073 
-0.129277 0.35408 
0.870108 -0.49829 
0.298674 -0.0109167 
1.01109 -0.618534 
1.3333 -0.893348 
1.5347 -1.06511 
1.69076 -1.19822 
0.429576 -0.122562 
0.761871 -0.405975 
-2.45826 2.632 
-3.5809 3.84236 
0.359083 -0.0624399 
0.618388 -0.283598 
1.25023 -0.822495 
1.48687 -1.02432 
0.379249 -0.0796381 
-0.169521 0.388405 
-0.323087 0.51938 
-2.30329 2.46492 
-0.39108 0.577371 
-2.93581 3.14687 
-0.250096 0.457126 
0.641052 -0.302929 
-1.9623 2.1212 
-0.0134557 0.255298 
-2.63841 2.82623 
-3.66886 3.93719 
-4.18413 4.49272 
-1.40099 1.61279 
0.00920856 0.235967 
0.500068 -0.182684 
0.439658 -0.131161 
0.510151 -0.191283 
-2.21533 2.37009 
-0.511899 0.680417 
0.344003 -0.0495772 
0.487486 -0.171953 
-2.68032 2.87141 
-0.046203 0.283227 
-2.39966 2.56882 
0.0117077 0.233836 
-0.635347 0.785709 
-2.95678 3.16947 
-1.32956 1.4839 
-0.295425 0.495786 
0.608305 -0.274999 
0.608305 -0.274999 
0.107363 0.152251 
0.784536 -0.425305 
0.809699 -0.446767 
1.34589 -0.904079 
1.4038 -0.95347 
1.61777 -1.13597 
1.50954 -1.04365 
1.48687 -1.02432 
1.59261 -1.11451 
-0.718952 0.954432 
0.784536 -0.425305 
0.797117 -0.436036 
0.701462 -0.354452 
-0.202268 0.416334 
-2.93581 3.14687 
-0.141859 0.364811 
-1.81318 1.93652 
-0.212351 0.424933 
0.00162482 0.242435 
-2.77664 2.97526 
-1.69534 1.83395 
-0.106612 0.33475 
-0.212351 0.424933 
0.190437 0.0813982 
0.68888 -0.343721 
-2.93581 3.14687 
-3.81548 4.09527 
0.273511 0.0105451 
0.213101 0.0620681 
0.580643 -0.251406 
-2.76409 2.96173 
-2.50437 2.68172 
-0.39108 0.577371 
0.416994 -0.111831 
0.666216 -0.32439 
-2.93581 3.14687 
-0.15444 0.375542 
-0.0965296 0.326151 
0.391831 -0.090369 
0.761871 -0.405975 
-2.93581 3.14687 
0.0846984 0.171582 
-2.93581 3.14687 
-3.1955 3.42685 
0.359083 -0.0624399 
0.9406 -0.558412 
0.774453 -0.416706 
-0.5661 0.756981 
-2.74733 2.94366 
-0.119194 0.345481 
-2.65516 2.84429 
-0.69172 0.842861 
0.321338 -0.030247 
0.595723 -0.264268 
0.0117077 0.233836 
0.248347 0.0320071 
0.130028 0.132921 
0.391831 -0.090369 
0.915437 -0.53695 
1.0715 -0.670057 
0.905354 -0.528351 
0.9406 -0.558412 
1.4063 -0.955602 
1.64294 -1.15743 
0.963265 -0.577742 
-1.31505 1.50324 
0.427077 -0.12043 
0.985929 -0.597072 
-1.64094 1.82486 
0.51265 -0.193415 
0.286092 -0.000185847 
-2.58395 2.76751 
0.203019 0.0706673 
1.03626 -0.639996 
-2.93581 3.14687 
-0.224932 0.435664 
-2.93581 3.14687 
0.0846984 0.171582 
-2.93581 3.14687 
0.359083 -0.0624399 
-0.15444 0.375542 
0.225683 0.0513372 
1.03626 -0.639996 
0.583142 -0.253537 
0.928019 -0.547681 
-0.986054 1.17886 
0.557978 -0.232075 
0.381748 -0.0817699 
0.595723 -0.264268 
0.938102 -0.55628 
1.4038 -0.95347 
1.4038 -0.95347 
0.653634 -0.31366 
0.286092 -0.000185847 
0.595723 -0.264268 
-0.927661 1.10248 
-0.667964 0.813524 
0.580643 -0.251406 
0.296175 -0.00878513 
-2.72217 2.91654 
-0.78669 0.940004 
-0.607554 0.762001 
-1.62049 1.72878 
-0.27276 0.476456 
-0.129277 0.35408 
0.119945 0.14152 
0.346502 -0.0517089 
-2.25723 2.41527 
0.359083 -0.0624399 
-2.93581 3.14687 
-2.28651 2.44683 
0.359083 -0.0624399 
0.155191 0.111459 
0.761871 -0.405975 
-2.44151 2.61395 
0.155191 0.111459 
0.870108 -0.49829 
0.88269 -0.509021 
0.892773 -0.51762 
1.05892 -0.659326 
1.24773 -0.820363 
1.18982 -0.770972 
0.92552 -0.545549 
1.4038 -0.95347 
1.61777 -1.13597 
1.10425 -0.697987 
1.33081 -0.891216 
0.366667 -0.0689071 
0.998511 -0.607803 
0.950683 -0.567011 
0.545397 -0.221345 
0.210603 0.0642 
0.676298 -0.33299 
-1.2901 1.46294 
-3.23321 3.46751 
-0.224932 0.435664 
0.82228 -0.457498 
0.701462 -0.354452 
-2.93581 3.14687 
-2.84363 3.04748 
-0.15444 0.375542 
-2.93581 3.14687 
0.359083 -0.0624399 
-0.15444 0.375542 
0.416994 -0.111831 
1.04884 -0.650727 
1.04634 -0.648595 
-0.11174 0.339128 
0.557978 -0.232075 
-0.250096 0.457126 
-0.0612833 0.29609 
0.203019 0.0706673 
0.500068 -0.182684 
-0.204767 0.418466 
-0.0965296 0.326151 
-0.144357 0.366943 
0.449741 -0.13976 
0.532815 -0.210614 
0.0117077 0.233836 
0.9406 -0.558412 
0.834862 -0.468229 
0.346502 -0.0517089 
0.930518 -0.549813 
1.36855 -0.923409 
1.62027 -1.1381 
1.75117 -1.24975 
1.29806 -0.863287 
-2.69288 2.88495 
-3.69402 3.96432 
-0.046203 0.283227 
0.917936 -0.539082 
1.0715 -0.670057 
0.857526 -0.487559 
-0.109111 0.336882 
-0.262677 0.467857 
-0.476653 0.650356 
0.701462 -0.354452 
1.069 -0.667925 
1.43654 -0.981399 
1.00859 -0.616403 
-2.93581 3.14687 
-0.164523 0.384141 
-1.08413 1.21347 
0.190437 0.0813982 
-0.0487019 0.285359 
0.331421 -0.0388461 
0.902856 -0.526219 
-2.93581 3.14687 
0.107363 0.152251 
0.857526 -0.487559 
0.784536 -0.425305 
0.950683 -0.567011 
1.37863 -0.932008 
1.41388 -0.962069 
1.52212 -1.05438 
0.950683 -0.567011 
-2.93581 3.14687 
-0.457764 0.634248 
0.703961 -0.356584 
1.28798 -0.854688 
1.48937 -1.02646 
1.15707 -0.743042 
0.812198 -0.448899 
1.18982 -0.770972 
1.09417 -0.689387 
1.24773 -0.820363 
1.14199 -0.73018 
1.51203 -1.04579 
1.29806 -0.863287 
-0.70652 0.925279 
0.39433 -0.0925009 
0.2156 0.0599363 
-2.1483 2.29783 
0.167772 0.100729 
1.02367 -0.629265 
1.45163 -0.994262 
1.01109 -0.618534 
1.2024 -0.781703 
1.47679 -1.01572 
1.46171 -1.00286 
1.11683 -0.708718 
1.2729 -0.841825 
0.928019 -0.547681 
0.832363 -0.466097 
-0.351946 0.550579 
0.676298 -0.33299 
0.950683 -0.567011 
0.975846 -0.588473 
1.23765 -0.811764 
1.2024 -0.781703 
0.298674 -0.0109167 
0.998511 -0.607803 
0.31884 -0.0281153 
0.877692 -0.504757 
1.29306 -0.859023 
0.759372 -0.403843 
-1.00317 1.18624 
0.618388 -0.283598 
1.02367 -0.629265 
-2.84785 3.05203 
-0.250096 0.457126 
0.416994 -0.111831 
1.09666 -0.691519 
1.48937 -1.02646 
-2.93581 3.14687 
0.359083 -0.0624399 
0.784536 -0.425305 
0.844945 -0.476828 
0.416994 -0.111831 
0.620887 -0.28573 
1.25023 -0.822495 
-2.05504 2.24625 
-3.50968 3.76558 
-0.177105 0.394872 
0.263428 0.0191443 
0.784536 -0.425305 
0.880191 -0.506889 
1.01109 -0.618534 
-2.93581 3.14687 
-0.505919 0.675324 
-1.61209 1.71971 
0.346502 -0.0517089 
1.10925 -0.70225 
1.42896 -0.974932 
1.64294 -1.15743 
-2.93581 3.14687 
-0.295425 0.495786 
-2.93581 3.14687 
-0.457764 0.634248 
-0.559727 0.721209 
0.656133 -0.315791 
-2.23208 2.38814 
-1.83835 1.96365 
-0.320588 0.517248 
0.535314 -0.212746 
0.165274 0.10286 
-2.93581 3.14687 
0.0846984 0.171582 
-0.0336215 0.272496 
-0.167022 0.386273 
0.404412 -0.1011 
0.474905 -0.161222 
1.17724 -0.760241 
1.11933 -0.710849 
0.950683 -0.567011 
1.28548 -0.852556 
1.14199 -0.73018 
0.630969 -0.29433 
1.05892 -0.659326 
-2.0315 2.21271 
-0.464071 0.639624 
0.703961 -0.356584 
0.870108 -0.49829 
0.787034 -0.427437 
1.08158 -0.678657 
1.47679 -1.01572 
0.321338 -0.030247 
0.726625 -0.375914 
0.975846 -0.588473 
1.38113 -0.93414 
-2.93581 3.14687 
-0.465545 0.640885 
-0.177105 0.394872 
-0.836378 0.968505 
0.537812 -0.214877 
0.0267879 0.220973 
0.344003 -0.0495772 
0.404412 -0.1011 
0.867609 -0.496158 
1.05892 -0.659326 
-2.93581 3.14687 
-0.295425 0.495786 
-0.569809 0.729808 
0.51265 -0.193415 
0.286092 -0.000185847 
0.928019 -0.547681 
1.10425 -0.697987 
-2.93581 3.14687 
0.203019 0.0706673 
-2.0813 2.22558 
0.346502 -0.0517089 
-1.86449 2.00815 
0.39433 -0.0925009 
0.595723 -0.264268 
1.14199 -0.73018 
0.950683 -0.567011 
0.784536 -0.425305 
1.2024 -0.781703 
1.18982 -0.770972 
1.11683 -0.708718 
1.23765 -0.811764 
1.49945 -1.03505 
0.547896 -0.223476 
1.21499 -0.792434 
-2.93581 3.14687 
-0.119194 0.345481 
-2.93581 3.14687 
0.359083 -0.0624399 
1.11933 -0.710849 
1.23765 -0.811764 
-2.93581 3.14687 
0.190437 0.0813982 
-0.549971 0.712894 
0.167772 0.100729 
0.557978 -0.232075 
0.618388 -0.283598 
-2.20277 2.35655 
-0.39108 0.577371 
0.739207 -0.386645 
0.57056 -0.242806 
1.02118 -0.627133 
-2.93581 3.14687 
0.142609 0.12219 
0.880191 -0.506889 
0.771954 -0.414574 
0.225683 0.0513372 
0.82228 -0.457498 
0.500068 -0.182684 
1.18982 -0.770972 
0.963265 -0.577742 
1.39122 -0.942739 
0.797117 -0.436036 
1.0715 -0.670057 
0.0821999 0.173713 
-2.45826 2.632 
0.0368708 0.212374 
0.953182 -0.569143 
0.605806 -0.272868 
0.985929 -0.597072 
0.678797 -0.335122 
0.917936 -0.539082 
0.618388 -0.283598 
-0.335995 0.530395 
-0.380997 0.568771 
0.487486 -0.171953 
0.404412 -0.1011 
0.867609 -0.496158 
1.22507 -0.801033 
1.30814 -0.871886 
1.21249 -0.790302 
1.52212 -1.05438 
0.842446 -0.474696 
0.248347 0.0320071 
-2.93581 3.14687 
0.346502 -0.0517089 
1.00101 -0.609935 
1.31064 -0.874018 
-2.26765 2.45915 
0.190437 0.0813982 
0.963265 -0.577742 
1.12941 -0.719449 
-0.134928 0.358912 
0.510151 -0.191283 
1.18982 -0.770972 
1.30814 -0.871886 
0.950683 -0.567011 
1.22507 -0.801033 
0.761871 -0.405975 
1.24773 -0.820363 
0.857526 -0.487559 
0.535314 -0.212746 
0.0821999 0.173713 
-2.65516 2.84429 
-0.534563 0.699747 
0.167772 0.100729 
0.784536 -0.425305 
0.547896 -0.223476 
1.05892 -0.659326 
-2.76409 2.96173 
-0.308006 0.506517 
-0.21485 0.427065 
0.439658 -0.131161 
0.45224 -0.141892 
-2.93581 3.14687 
-0.834149 0.996416 
0.346502 -0.0517089 
0.39433 -0.0925009 
0.51265 -0.193415 
1.19232 -0.773103 
-2.083 2.27115 
-0.428825 0.609564 
0.653634 -0.31366 
0.975846 -0.588473 
0.701462 -0.354452 
0.618388 -0.283598 
0.68888 -0.343721 
-2.93581 3.14687 
-2.91484 3.12426 
-0.0814492 0.313288 
0.240764 0.0384743 
0.714043 -0.365183 
1.22507 -0.801033 
1.54728 -1.07585 
1.08158 -0.678657 
-2.36049 2.53709 
-0.499317 0.669686 
0.691379 -0.345852 
1.26031 -0.831094 
0.628471 -0.292198 
0.155191 0.111459 
0.988428 -0.599204 
1.42896 -0.974932 
1.25023 -0.822495 
0.963265 -0.577742 
1.41638 -0.964201 
0.714043 -0.365183 
-0.202268 0.416334 
0.429576 -0.122562 
-2.47923 2.65461 
-3.58931 3.85142 
0.238265 0.0406061 
0.736708 -0.384513 
0.794618 -0.433904 
-2.41641 2.58688 
-1.90957 2.04043 
-0.15444 0.375542 
0.0947813 0.162982 
0.988428 -0.599204 
0.225683 0.0513372 
0.404412 -0.1011 
1.02118 -0.627133 
0.855028 -0.485427 
1.36855 -0.923409 
-2.93581 3.14687 
-3.81548 4.09527 
0.263428 0.0191443 
-1.13253 1.28489 
0.414495 -0.109699 
0.557978 -0.232075 
-2.63841 2.82623 
-0.511899 0.680417 
0.344003 -0.0495772 
-0.457165 0.633737 
0.00162482 0.242435 
-0.144357 0.366943 
0.867609 -0.496158 
-2.93581 3.14687 
-0.224932 0.435664 
-0.0713662 0.304689 
-0.15444 0.375542 
0.416994 -0.111831 
0.547896 -0.223476 
0.867609 -0.496158 
0.0821999 0.173713 
0.975846 -0.588473 
-2.93581 3.14687 
0.359083 -0.0624399 
0.771954 -0.414574 
1.24773 -0.820363 
0.832363 -0.466097 
-0.525682 0.72099 
0.726625 -0.375914 
-1.0842 1.2631 
0.595723 -0.264268 
-2.74735 2.94367 
-0.224932 0.435664 
0.464822 -0.152623 
0.500068 -0.182684 
0.31884 -0.0281153 
0.771954 -0.414574 
1.32072 -0.882617 
1.59511 -1.11664 
1.30814 -0.871886 
0.9406 -0.558412 
1.31064 -0.874018 
1.59511 -1.11664 
1.15458 -0.740911 
-2.93581 3.14687 
-0.355834 0.547309 
0.761871 -0.405975 
0.784536 -0.425305 
-2.8311 3.03398 
0.359083 -0.0624399 
1.03376 -0.637864 
-1.12589 1.32146 
0.344003 -0.0495772 
0.379249 -0.0796381 
0.557978 -0.232075 
-2.93581 3.14687 
-0.295425 0.495786 
0.749289 -0.395244 
-2.93581 3.14687 
0.359083 -0.0624399 
0.557978 -0.232075 
0.691379 -0.345852 
0.545397 -0.221345 
0.223184 0.0534691 
-0.34825 0.540842 
0.605806 -0.272868 
0.736708 -0.384513 
0.902856 -0.526219 
0.223184 0.0534691 
-2.65516 2.84429 
-1.86771 1.99764 
0.119945 0.14152 
1.00101 -0.609935 
0.870108 -0.49829 
0.643551 -0.30506 
0.928019 -0.547681 
1.09417 -0.689387 
-0.0134557 0.255298 
0.915437 -0.53695 
0.905354 -0.528351 
1.08408 -0.680788 
-2.93581 3.14687 
0.2156 0.0599363 
0.00162482 0.242435 
-2.93581 3.14687 
-0.343252 0.536578 
0.620887 -0.28573 
0.653634 -0.31366 
0.356584 -0.0603081 
0.678797 -0.335122 
0.870108 -0.49829 
0.88269 -0.509021 
-1.69991 1.87736 
-0.630219 0.781331 
0.620887 -0.28573 
1.25023 -0.822495 
1.18982 -0.770972 
0.890274 -0.515488 
0.9406 -0.558412 
1.4063 -0.955602 
-2.93581 3.14687 
-0.39108 0.577371 
0.381748 -0.0817699 
0.2156 0.0599363 
-1.27807 1.42548 
-0.119194 0.345481 
-0.358333 0.549441 
-1.20207 1.31847 
-3.06149 3.28237 
-1.67119 1.82425 
-0.0235386 0.263897 
0.31884 -0.0281153 
1.02118 -0.627133 
-2.93581 3.14687 
0.119945 0.14152 
0.678797 -0.335122 
-1.31517 1.48763 
-2.99449 3.21012 
-3.53064 3.78817 
-4.11291 4.41594 
-0.479744 0.705269 
-1.81453 1.94322 
0.369166 -0.071039 
0.726625 -0.375914 
0.464822 -0.152623 
0.892773 -0.51762 
0.9406 -0.558412 
0.834862 -0.468229 
0.857526 -0.487559 
1.36855 -0.923409 
-2.63841 2.82623 
-1.4295 1.56659 
0.308757 -0.0195159 
0.938102 -0.55628 
-2.93581 3.14687 
-0.403662 0.588101 
-0.0940309 0.324019 
0.666216 -0.32439 
-1.86983 2.03258 
0.177855 0.0921293 
0.107363 0.152251 
-2.16086 2.31137 
-3.43012 3.6798 
-0.202268 0.416334 
-1.57003 1.68778 
0.381748 -0.0817699 
0.857526 -0.487559 
0.439658 -0.131161 
0.784536 -0.425305 
0.998511 -0.607803 
-2.5002 2.67722 
-3.59765 3.86042 
0.180354 0.0899975 
0.847444 -0.478959 
-2.93581 3.14687 
-3.81548 4.09527 
-0.588099 0.797021 
0.00920856 0.235967 
-2.93581 3.14687 
-3.81548 4.09527 
0.359083 -0.0624399 
1.11933 -0.710849 
0.890274 -0.515488 
0.726625 -0.375914 
0.950683 -0.567011 
0.225683 0.0513372 
0.369166 -0.071039 
0.248347 0.0320071 
0.152692 0.113591 
-1.64103 1.77774 
0.155191 0.111459 
0.2156 0.0599363 
0.714043 -0.365183 
-2.45826 2.632 
-0.451489 0.628893 
0.714043 -0.365183 
-2.93581 3.14687 
-0.505919 0.675324 
0.678797 -0.335122 
1.27539 -0.843956 
-2.93581 3.14687 
-1.40543 1.55696 
0.414495 -0.109699 
1.05642 -0.657194 
1.11683 -0.708718 
0.379249 -0.0796381 
0.8072 -0.444635 
1.11683 -0.708718 
1.26031 -0.831094 
1.42646 -0.9728 
1.62786 -1.14457 
1.70085 -1.20682 
-2.91907 3.12881 
-0.164523 0.384141 
-0.998816 1.12965 
-0.285342 0.487187 
-2.93581 3.14687 
0.359083 -0.0624399 
1.08158 -0.678657 
1.11933 -0.710849 
1.21249 -0.790302 
1.069 -0.667925 
0.782037 -0.423173 
-2.60911 2.79464 
0.0368708 0.212374 
0.391831 -0.090369 
0.809699 -0.446767 
1.30814 -0.871886 
1.21249 -0.790302 
1.45163 -0.994262 
1.55736 -1.08445 
-2.93581 3.14687 
0.33392 -0.0409778 
1.10675 -0.700118 
-0.114917 0.34184 
0.477404 -0.163354 
-0.189686 0.405603 
0.225683 0.0513372 
1.03626 -0.639996 
0.965764 -0.579874 
0.2156 0.0599363 
-2.93581 3.14687 
0.00162482 0.242435 
0.630969 -0.29433 
0.928019 -0.547681 
0.497569 -0.180552 
0.797117 -0.436036 
0.714043 -0.365183 
1.25023 -0.822495 
1.18982 -0.770972 
0.68888 -0.343721 
0.855028 -0.485427 
1.32072 -0.882617 
1.49945 -1.03505 
1.30814 -0.871886 
-0.580628 0.802964 
0.774453 -0.416706 
1.32322 -0.884748 
1.31064 -0.874018 
1.59511 -1.11664 
1.16716 -0.751641 
1.52462 -1.05652 
0.905354 -0.528351 
0.356584 -0.0603081 
0.165274 0.10286 
0.474905 -0.161222 
0.0922824 0.165114 
-2.5421 2.72239 
0.107363 0.152251 
-2.93581 3.14687 
-0.129277 0.35408 
0.33392 -0.0409778 
0.915437 -0.53695 
0.404412 -0.1011 
0.938102 -0.55628 
1.4038 -0.95347 
-2.88135 3.08815 
-0.295425 0.495786 
0.39433 -0.0925009 
0.321338 -0.030247 
1.09666 -0.691519 
-2.93581 3.14687 
-3.81548 4.09527 
0.273511 0.0105451 
0.844945 -0.476828 
0.870108 -0.49829 
1.2024 -0.781703 
-2.93581 3.14687 
0.359083 -0.0624399 
-0.403662 0.588101 
0.653634 -0.31366 
-1.10381 1.27899 
-0.368416 0.55804 
-0.416243 0.598832 
-2.03518 2.17586 
0.359083 -0.0624399 
0.832363 -0.466097 
1.35597 -0.912678 
1.30814 -0.871886 
1.05892 -0.659326 
-0.000874162 0.244567 
0.630969 -0.29433 
-2.93581 3.14687 
-0.0713662 0.304689 
0.905354 -0.528351 
1.16716 -0.751641 
0.477404 -0.163354 
0.787034 -0.427437 
1.01109 -0.618534 
1.08408 -0.680788 
1.47679 -1.01572 
0.545397 -0.221345 
0.973348 -0.586342 
1.10425 -0.697987 
0.628471 -0.292198 
0.203019 0.0706673 
1.03626 -0.639996 
1.11933 -0.710849 
0.439658 -0.131161 
0.321338 -0.030247 
-2.93581 3.14687 
-0.0940309 0.324019 
0.321338 -0.030247 
0.870108 -0.49829 
1.19232 -0.773103 
1.5372 -1.06725 
1.70335 -1.20895 
1.78642 -1.27981 
-2.93581 3.14687 
0.359083 -0.0624399 
0.238265 0.0406061 
-0.575583 0.73631 
-2.99028 3.20559 
-1.14337 1.30241 
-0.119194 0.345481 
0.736708 -0.384513 
0.8072 -0.444635 
0.628471 -0.292198 
1.05892 -0.659326 
1.30814 -0.871886 
-0.320354 0.546837 
-1.68028 1.8119 
-0.958823 1.06729 
-0.167022 0.386273 
-2.42476 2.59589 
-0.0336215 0.272496 
0.917936 -0.539082 
1.39371 -0.944871 
1.63285 -1.14883 
1.3333 -0.893348 
0.678797 -0.335122 
1.04884 -0.650727 
0.535314 -0.212746 
-2.3703 2.53717 
0.359083 -0.0624399 
0.819782 -0.455366 
0.487486 -0.171953 
0.749289 -0.395244 
1.08408 -0.680788 
1.47679 -1.01572 
1.36855 -0.923409 
-2.63841 2.82623 
-3.20392 3.43592 
-0.369547 0.559015 
0.749289 -0.395244 
1.03626 -0.639996 
1.45412 -0.996394 
0.905354 -0.528351 
-2.88135 3.08815 
-2.34092 2.50549 
-0.285342 0.487187 
-0.0361202 0.274628 
0.714043 -0.365183 
0.797117 -0.436036 
0.880191 -0.506889 
-2.93581 3.14687 
0.298674 -0.0109167 
-2.93581 3.14687 
-3.15365 3.38172 
-0.51325 0.691838 
-0.380997 0.568771 
0.749289 -0.395244 
-1.50271 1.67583 
0.51265 -0.193415 
1.13191 -0.72158 
-2.55045 2.7314 
-0.812162 0.956388 
-0.910094 1.02004 
0.321338 -0.030247 
-2.93581 3.14687 
-0.212351 0.424933 
0.356584 -0.0603081 
0.915437 -0.53695 
0.547896 -0.223476 
1.21499 -0.792434 
1.14199 -0.73018 
1.35597 -0.912678 
-2.93581 3.14687 
-0.63119 0.796841 
0.190437 0.0813982 
1.03626 -0.639996 
0.429576 -0.122562 
0.714043 -0.365183 
1.03626 -0.639996 
1.45412 -0.996394 
1.48937 -1.02646 
1.39371 -0.944871 
-1.33649 1.54909 
-3.35468 3.59846 
-0.202268 0.416334 
-1.77127 1.89134 
-0.464071 0.639624 
-0.76112 0.892976 
0.190437 0.0813982 
0.880191 -0.506889 
1.23765 -0.811764 
-2.93581 3.14687 
0.0494524 0.201643 
0.119945 0.14152 
0.928019 -0.547681 
1.37863 -0.932008 
1.05892 -0.659326 
-0.939699 1.13996 
-0.144357 0.366943 
0.0922824 0.165114 
0.86511 -0.494026 
1.14199 -0.73018 
1.23765 -0.811764 
1.47429 -1.01359 
-2.93581 3.14687 
-2.37028 2.53714 
0.359083 -0.0624399 
-2.93581 3.14687 
-0.106612 0.33475 
0.88269 -0.509021 
-2.93581 3.14687 
-1.97789 2.11934 
-1.96813 2.10358 
-2.68865 2.8804 
0.238265 0.0406061 
0.928019 -0.547681 
1.12941 -0.719449 
0.474905 -0.161222 
0.306258 -0.0173839 
1.09417 -0.689387 
0.784536 -0.425305 
-0.412161 0.607337 
0.213101 0.0620681 
0.449741 -0.13976 
1.09167 -0.687256 
1.05642 -0.657194 
1.39122 -0.942739 
-1.10847 1.32483 
0.474905 -0.161222 
0.676298 -0.33299 
0.593224 -0.262136 
0.855028 -0.485427 
1.30814 -0.871886 
1.59511 -1.11664 
1.73859 -1.23901 
0.963265 -0.577742 
-2.47923 2.65461 
0.359083 -0.0624399 
0.439658 -0.131161 
0.832363 -0.466097 
-2.62167 2.80817 
-0.474154 0.648224 
0.666216 -0.32439 
-2.30329 2.46492 
-0.15444 0.375542 
0.726625 -0.375914 
1.29806 -0.863287 
1.58503 -1.10804 
0.240764 0.0384743 
0.703961 -0.356584 
-1.47341 1.64424 
-3.28346 3.52168 
-0.046203 0.283227 
0.892773 -0.51762 
0.0469537 0.203774 
-2.93581 3.14687 
0.00162482 0.242435 
0.487486 -0.171953 
0.00162482 0.242435 
0.666216 -0.32439 
0.8072 -0.444635 
0.271012 0.0126771 
-0.237514 0.446395 
0.155191 0.111459 
1.01359 -0.620666 
1.02367 -0.629265 
0.963265 -0.577742 
-2.93581 3.14687 
-3.81548 4.09527 
0.298674 -0.0109167 
0.857526 -0.487559 
-2.93581 3.14687 
-0.505919 0.675324 
0.547896 -0.223476 
0.701462 -0.354452 
-2.93581 3.14687 
-0.129277 0.35408 
-0.0713662 0.304689 
0.155191 0.111459 
-2.93581 3.14687 
-0.425171 0.606445 
-0.0134557 0.255298 
-1.95142 2.08555 
0.359083 -0.0624399 
0.0242891 0.223105 
0.177855 0.0921293 
0.771954 -0.414574 
-1.81086 1.98008 
0.45224 -0.141892 
-1.85031 2.00104 
-2.13154 2.27975 
-0.630219 0.781331 
-2.93581 3.14687 
-1.8322 1.97626 
-3.17875 3.40879 
0.190437 0.0813982 
1.03626 -0.639996 
0.774453 -0.416706 
1.14449 -0.732311 
-0.30522 0.522354 
-3.06149 3.28237 
-2.99863 3.2146 
-0.421175 0.603041 
-0.690628 0.832854 
-0.167022 0.386273 
0.45224 -0.141892 
1.16716 -0.751641 
1.52462 -1.05652 
-1.15998 1.38328 
-3.32953 3.57135 
-0.601141 0.786606 
-0.262677 0.467857 
0.641052 -0.302929 
0.449741 -0.13976 
-2.72217 2.91654 
-0.0940309 0.324019 
0.892773 -0.51762 
0.797117 -0.436036 
0.880191 -0.506889 
-0.15444 0.375542 
0.857526 -0.487559 
0.832363 -0.466097 
0.915437 -0.53695 
0.701462 -0.354452 
0.404412 -0.1011 
0.283594 0.00194597 
0.734209 -0.382381 
1.23515 -0.809632 
-1.14118 1.34844 
0.223184 0.0534691 
-0.441407 0.620294 
-0.0612833 0.29609 
0.107363 0.152251 
0.915437 -0.53695 
-1.85822 2.03405 
-3.41337 3.66174 
0.0846984 0.171582 
0.643551 -0.30506 
0.439658 -0.131161 
1.10675 -0.700118 
-2.77664 2.97526 
-2.55458 2.73585 
-3.62694 3.892 
0.359083 -0.0624399 
1.11933 -0.710849 
0.736708 -0.384513 
-1.16132 1.34042 
-0.240013 0.448527 
0.462323 -0.150491 
0.404412 -0.1011 
0.57056 -0.242806 
1.22507 -0.801033 
-0.837263 1.04875 
0.545397 -0.221345 
0.890274 -0.515488 
-0.896446 1.08807 
0.656133 -0.315791 
0.749289 -0.395244 
1.10675 -0.700118 
-2.52948 2.7088 
-3.3589 3.60302 
0.250846 0.0298753 
0.595723 -0.264268 
1.18982 -0.770972 
0.344003 -0.0495772 
0.344003 -0.0495772 
-2.93581 3.14687 
0.107363 0.152251 
0.535314 -0.212746 
0.68888 -0.343721 
-0.900944 1.08184 
-1.82993 1.95458 
-2.34932 2.51455 
0.228182 0.0492053 
-2.93581 3.14687 
-0.975632 1.13497 
-0.212351 0.424933 
0.477404 -0.163354 
-0.424548 0.605922 
0.500068 -0.182684 
0.605806 -0.272868 
1.16466 -0.74951 
0.759372 -0.403843 
-2.30329 2.46492 
0.298674 -0.0109167 
1.08408 -0.680788 
1.47679 -1.01572 
1.67818 -1.18749 
1.77384 -1.26908 
-2.76264 2.97066 
0.142609 0.12219 
-1.92211 2.05396 
-3.06149 3.28237 
-0.0940309 0.324019 
0.68888 -0.343721 
0.474905 -0.161222 
0.379249 -0.0796381 
0.912938 -0.534818 
0.960766 -0.57561 
-2.11438 2.28807 
-0.406161 0.590233 
-2.55045 2.7314 
0.273511 0.0105451 
-0.310505 0.508649 
0.784536 -0.425305 
1.18982 -0.770972 
1.44913 -0.99213 
1.14199 -0.73018 
1.3333 -0.893348 
1.12941 -0.719449 
-1.46869 1.66364 
0.484987 -0.169822 
0.0217904 0.225237 
-2.93581 3.14687 
0.167772 0.100729 
0.462323 -0.150491 
-2.93581 3.14687 
-0.74876 0.912525 
-0.189686 0.405603 
0.404412 -0.1011 
0.890274 -0.515488 
1.28548 -0.852556 
1.05892 -0.659326 
0.500068 -0.182684 
0.736708 -0.384513 
1.1395 -0.728048 
0.603307 -0.270736 
-0.21485 0.427065 
0.484987 -0.169822 
-2.93581 3.14687 
0.359083 -0.0624399 
-0.250096 0.457126 
0.701462 -0.354452 
0.296175 -0.00878513 
0.605806 -0.272868 
1.23765 -0.811764 
0.107363 0.152251 
0.464822 -0.152623 
0.9406 -0.558412 
1.08408 -0.680788 
0.286092 -0.000185847 
0.0595353 0.193043 
0.464822 -0.152623 
0.522732 -0.202014 
0.902856 -0.526219 
0.842446 -0.474696 
-2.93581 3.14687 
-0.106612 0.33475 
0.0117077 0.233836 
0.286092 -0.000185847 
0.238265 0.0406061 
1.05892 -0.659326 
-2.79339 2.99331 
-0.260179 0.465725 
0.593224 -0.262136 
0.57056 -0.242806 
0.57056 -0.242806 
0.890274 -0.515488 
0.273511 0.0105451 
-2.39966 2.56882 
0.0368708 0.212374 
0.595723 -0.264268 
0.902856 -0.526219 
1.37863 -0.932008 
-2.93581 3.14687 
-1.08907 1.24619 
0.547896 -0.223476 
1.21499 -0.792434 
-2.93581 3.14687 
-0.517902 0.685775 
-2.29073 2.45138 
-0.202268 0.416334 
0.547896 -0.223476 
1.16716 -0.751641 
-2.93581 3.14687 
-3.81548 4.09527 
0.132526 0.13079 
-2.93581 3.14687 
-0.106612 0.33475 
-0.914671 1.05001 
-3.02378 3.24171 
-3.85733 4.14039 
-4.28042 4.59654 
0.034109 0.214743 
0.819782 -0.455366 
1.04634 -0.648595 
-1.25608 1.45074 
-0.240013 0.448527 
0.235766 0.042738 
0.366667 -0.0689071 
0.500068 -0.182684 
-1.48096 1.64073 
-1.1448 1.26198 
-2.16508 2.31591 
-3.43433 3.68434 
-0.211804 0.424468 
0.51265 -0.193415 
-0.295425 0.495786 
-2.24883 2.4062 
0.0846984 0.171582 
-2.21533 2.37009 
0.359083 -0.0624399 
0.761871 -0.405975 
-2.91907 3.12881 
-1.62086 1.76764 
0.39433 -0.0925009 
-1.20375 1.36168 
-1.54111 1.64785 
-0.715791 0.854316 
-1.72942 1.84621 
-0.285342 0.487187 
-0.748735 0.882414 
0.107363 0.152251 
0.988428 -0.599204 
1.42896 -0.974932 
1.65552 -1.16816 
1.4063 -0.955602 
1.3333 -0.893348 
1.59511 -1.11664 
1.36855 -0.923409 
1.62027 -1.1381 
0.761871 -0.405975 
0.57056 -0.242806 
-2.47923 2.65461 
0.359083 -0.0624399 
0.857526 -0.487559 
0.391831 -0.090369 
0.630969 -0.29433 
-2.93581 3.14687 
0.0846984 0.171582 
-0.177105 0.394872 
0.847444 -0.478959 
1.11933 -0.710849 
-2.93581 3.14687 
0.286092 -0.000185847 
0.369166 -0.071039 
-2.93581 3.14687 
-0.164523 0.384141 
-1.9095 2.04036 
-0.224932 0.435664 
0.761871 -0.405975 
-2.93581 3.14687 
0.0242891 0.223105 
0.0368708 0.212374 
-2.93581 3.14687 
0.321338 -0.030247 
-2.24883 2.4062 
-3.47197 3.72492 
0.250846 0.0298753 
-2.93581 3.14687 
0.0595353 0.193043 
-2.93581 3.14687 
-0.776879 0.939923 
-3.06149 3.28237 
-3.14525 3.37267 
-3.9202 4.20818 
-4.30979 4.62821 
-0.689552 0.920389 
-0.572088 0.731759 
-2.97353 3.18753 
-3.83645 4.11787 
-3.38822 3.63463 
-3.60609 3.86952 
-1.39614 1.58016 
-2.92749 3.13789 
0.228182 0.0492053 
0.905354 -0.528351 
-2.93581 3.14687 
0.155191 0.111459 
-2.6007 2.78557 
-0.15444 0.375542 
0.203019 0.0706673 
-2.28654 2.44686 
-3.49293 3.74752 
0.286092 -0.000185847 
0.583142 -0.253537 
0.666216 -0.32439 
1.2729 -0.841825 
0.225683 0.0513372 
-0.260179 0.465725 
-2.93581 3.14687 
0.359083 -0.0624399 
0.784536 -0.425305 
-2.93581 3.14687 
-3.81548 4.09527 
-2.53787 2.71783 
-2.30326 2.4649 
0.142609 0.12219 
0.401914 -0.0989683 
0.57056 -0.242806 
0.855028 -0.485427 
0.797117 -0.436036 
0.0117077 0.233836 
0.9406 -0.558412 
1.17974 -0.762373 
1.02367 -0.629265 
1.15208 -0.738779 
-0.796499 1.00539 
0.641052 -0.302929 
-0.530186 0.714773 
-0.156939 0.377674 
0.701462 -0.354452 
-0.167022 0.386273 
0.535314 -0.212746 
0.557978 -0.232075 
-2.93581 3.14687 
-0.0235386 0.263897 
-0.192185 0.407735 
0.439658 -0.131161 
1.15458 -0.740911 
0.391831 -0.090369 
0.547896 -0.223476 
0.0242891 0.223105 
-0.848622 0.992781 
-2.28241 2.4424 
-0.189686 0.405603 
0.404412 -0.1011 
-2.93581 3.14687 
0.0494524 0.201643 
-2.93581 3.14687 
-2.98606 3.20105 
-1.88955 2.03518 
-2.68865 2.8804 
-1.0571 1.20357 
-0.240013 0.448527 
0.819782 -0.455366 
1.16716 -0.751641 
1.4038 -0.95347 
0.880191 -0.506889 
0.726625 -0.375914 
-2.25723 2.41527 
-0.119194 0.345481 
0.618388 -0.283598 
0.213101 0.0620681 
-1.93896 2.07446 
-0.046203 0.283227 
0.547896 -0.223476 
0.0242891 0.223105 
0.250846 0.0298753 
1.06142 -0.661458 
0.930518 -0.549813 
1.14449 -0.732311 
1.16466 -0.74951 
1.30564 -0.869754 
1.54478 -1.07371 
1.35597 -0.912678 
1.36605 -0.921277 
1.50954 -1.04365 
1.69076 -1.19822 
-2.93581 3.14687 
-2.87299 3.07913 
0.203019 0.0706673 
0.474905 -0.161222 
0.973348 -0.586342 
0.698963 -0.35232 
-2.93581 3.14687 
-0.141859 0.364811 
-2.1483 2.29783 
-0.800298 0.926395 
0.0696182 0.184444 
0.975846 -0.588473 
0.225683 0.0513372 
0.477404 -0.163354 
-1.98472 2.13488 
-3.37987 3.62562 
0.190437 0.0813982 
0.500068 -0.182684 
1.18982 -0.770972 
-2.93581 3.14687 
0.359083 -0.0624399 
1.11933 -0.710849 
-2.8646 3.07009 
0.359083 -0.0624399 
-2.66771 2.85782 
-2.7263 2.92099 
-0.285342 0.487187 
0.0821999 0.173713 
0.510151 -0.191283 
0.819782 -0.455366 
0.391831 -0.090369 
-0.915417 1.07821 
-0.70321 0.843585 
-0.179603 0.397004 
-2.73892 2.9346 
-0.27276 0.476456 
0.263428 0.0191443 
0.286092 -0.000185847 
-0.860951 1.01949 
-0.773702 0.903707 
0.547896 -0.223476 
0.381748 -0.0817699 
-0.660499 0.828438 
0.273511 0.0105451 
-2.93581 3.14687 
0.359083 -0.0624399 
0.988428 -0.599204 
1.0715 -0.670057 
1.45163 -0.994262 
1.6656 -1.17676 
1.14199 -0.73018 
-1.57498 1.77007 
-3.37987 3.62562 
-0.202268 0.416334 
-0.617637 0.7706 
-1.49062 1.58875 
-1.4278 1.52102 
0.359083 -0.0624399 
1.09417 -0.689387 
1.08158 -0.678657 
-2.88135 3.08815 
-0.501543 0.67159 
0.20052 0.0727991 
0.0242891 0.223105 
0.522732 -0.202014 
-2.45826 2.632 
-2.96092 3.17394 
0.286092 -0.000185847 
1.08408 -0.680788 
-1.92647 2.11055 
0.464822 -0.152623 
-2.93581 3.14687 
-0.975632 1.13497 
-3.10753 3.33201 
-0.119194 0.345481 
0.474905 -0.161222 
0.855028 -0.485427 
1.36855 -0.923409 
1.41638 -0.964201 
1.09417 -0.689387 
1.33081 -0.891216 
1.25782 -0.828962 
1.44913 -0.99213 
1.6656 -1.17676 
1.35597 -0.912678 
1.04634 -0.648595 
1.45163 -0.994262 
-2.55329 2.74729 
-3.6563 3.92366 
0.359083 -0.0624399 
-2.93581 3.14687 
0.0117077 0.233836 
-1.32619 1.46045 
0.464822 -0.152623 
0.57056 -0.242806 
1.21249 -0.790302 
1.50954 -1.04365 
-2.93581 3.14687 
-0.141859 0.364811 
0.238265 0.0406061 
0.404412 -0.1011 
0.676298 -0.33299 
0.213101 0.0620681 
1.04634 -0.648595 
-2.55045 2.7314 
0.2156 0.0599363 
1.02367 -0.629265 
0.676298 -0.33299 
0.711544 -0.363051 
0.366667 -0.0689071 
-1.14229 1.30066 
-2.1106 2.25717 
0.359083 -0.0624399 
-1.4222 1.57504 
0.487486 -0.171953 
-2.03783 2.18688 
0.167772 0.100729 
-2.79339 2.99331 
-0.0235386 0.263897 
0.31884 -0.0281153 
0.92552 -0.545549 
1.10425 -0.697987 
-2.00354 2.18781 
0.104864 0.154383 
0.605806 -0.272868 
-2.93581 3.14687 
-0.919521 1.0803 
-0.461572 0.637493 
-1.68331 1.7965 
0.167772 0.100729 
-1.68583 1.82313 
-2.2111 2.36553 
0.0117077 0.233836 
0.605806 -0.272868 
0.880191 -0.506889 
1.38113 -0.93414 
1.63035 -1.1467 
1.6656 -1.17676 
1.3333 -0.893348 
1.38113 -0.93414 
0.0441277 0.20619 
0.9406 -0.558412 
-0.813461 1.01026 
0.502567 -0.184816 
0.298674 -0.0109167 
0.500068 -0.182684 
0.68888 -0.343721 
1.28548 -0.852556 
1.35597 -0.912678 
0.877692 -0.504757 
0.520234 -0.199883 
-2.03677 2.1875 
-0.0864468 0.317552 
0.225683 0.0513372 
0.57056 -0.242806 
0.484987 -0.169822 
0.867609 -0.496158 
-0.997267 1.1857 
0.593224 -0.262136 
0.844945 -0.476828 
1.35847 -0.91481 
-0.77649 0.997801 
0.0368708 0.212374 
-0.0109569 0.253166 
-0.582391 0.740539 
0.130028 0.132921 
-0.464071 0.639624 
0.356584 -0.0603081 
1.11933 -0.710849 
1.03376 -0.637864 
-1.06973 1.26673 
-0.670593 0.81577 
-0.690628 0.832854 
-2.58395 2.76751 
-2.06454 2.20751 
0.359083 -0.0624399 
-2.93581 3.14687 
-1.54807 1.69733 
0.27601 0.00841331 
0.88269 -0.509021 
-2.93581 3.14687 
0.359083 -0.0624399 
-2.93581 3.14687 
0.0494524 0.201643 
-2.93581 3.14687 
-1.00484 1.16412 
-2.49598 2.67266 
-0.202268 0.416334 
-1.2817 1.40431 
0.298674 -0.0109167 
-0.131776 0.356212 
-2.93581 3.14687 
-0.368416 0.55804 
0.203019 0.0706673 
-2.19023 2.34302 
-0.0587847 0.293958 
0.250846 0.0298753 
-2.93581 3.14687 
0.263428 0.0191443 
0.809699 -0.446767 
1.02367 -0.629265 
-2.12818 2.30587 
0.0117077 0.233836 
0.749289 -0.395244 
0.928019 -0.547681 
-2.79339 2.99331 
-0.129277 0.35408 
0.643551 -0.30506 
0.356584 -0.0603081 
0.130028 0.132921 
-0.676216 0.829059 
-0.106612 0.33475 
-2.93581 3.14687 
-3.81548 4.09527 
-0.0336215 0.272496 
0.190437 0.0813982 
0.832363 -0.466097 
0.832363 -0.466097 
-2.93581 3.14687 
-3.81548 4.09527 
-4.10036 4.4024 
-0.0676243 0.301513 
-2.78506 2.98433 
0.167772 0.100729 
-2.93581 3.14687 
0.359083 -0.0624399 
0.557978 -0.232075 
0.832363 -0.466097 
0.522732 -0.202014 
-2.93581 3.14687 
-0.368416 0.55804 
-0.954318 1.07351 
-2.21533 2.37009 
-2.83524 3.03844 
-1.04295 1.19648 
-2.70542 2.89848 
-2.88135 3.08815 
-0.0109569 0.253166 
-0.164523 0.384141 
0.771954 -0.414574 
1.32072 -0.882617 
-2.01157 2.20756 
-3.07407 3.29593 
-3.88252 4.16755 
0.238265 0.0406061 
-0.287841 0.489319 
-0.0487019 0.285359 
-2.93581 3.14687 
0.359083 -0.0624399 
-2.93581 3.14687 
-2.32422 2.48749 
0.142609 0.12219 
0.724126 -0.373782 
0.225683 0.0513372 
0.39433 -0.0925009 
-1.9219 2.06714 
-0.189686 0.405603 
0.545397 -0.221345 
0.960766 -0.57561 
-1.28279 1.47138 
-0.707194 0.846988 
-1.90955 2.04042 
0.250846 0.0298753 
1.06142 -0.661458 
0.608305 -0.274999 
0.953182 -0.569143 
1.33081 -0.891216 
1.29556 -0.861155 
0.724126 -0.373782 
-1.83882 2.00498 
-2.7725 2.97079 
-0.285342 0.487187 
-2.68032 2.87141 
-0.680406 0.833579 
-1.9137 2.04489 
-0.212351 0.424933 
0.321338 -0.030247 
-2.8311 3.03398 
-0.438908 0.618163 
-2.1483 2.29783 
0.359083 -0.0624399 
0.439658 -0.131161 
0.605806 -0.272868 
-2.93581 3.14687 
-2.93581 3.14687 
-3.81548 4.09527 
-4.25953 4.57402 
-0.234564 0.471251 
-3.09499 3.31848 
-3.89505 4.18105 
0.072117 0.182312 
-0.275259 0.478588 
-0.927601 1.05287 
-3.00703 3.22365 
-1.12678 1.28685 
-3.15368 3.38175 
-0.431978 0.612263 
0.45224 -0.141892 
1.01109 -0.618534 
-0.821972 1.02177 
-1.32064 1.44922 
-2.63419 2.82168 
-0.343252 0.536578 
-0.308006 0.506517 
-0.735957 0.871514 
-2.93581 3.14687 
-0.0109569 0.253166 
-2.93581 3.14687 
-0.177105 0.394872 
0.381748 -0.0817699 
-0.21485 0.427065 
-0.121693 0.347613 
0.401914 -0.0989683 
-0.109111 0.336882 
-1.63168 1.75367 
-0.179603 0.397004 
0.366667 -0.0689071 
0.618388 -0.283598 
-2.93581 3.14687 
-0.919521 1.0803 
0.228182 0.0492053 
-2.30329 2.46492 
-0.0109569 0.253166 
0.905354 -0.528351 
0.774453 -0.416706 
-0.212351 0.424933 
0.573059 -0.244938 
-2.93581 3.14687 
-2.84363 3.04748 
-1.32707 1.47539 
-3.17875 3.40879 
-0.164523 0.384141 
-1.20176 1.32921 
0.260929 0.021276 
-0.393579 0.579502 
-0.0361202 0.274628 
-2.63841 2.82623 
0.286092 -0.000185847 
0.892773 -0.51762 
0.880191 -0.506889 
0.0947813 0.162982 
-2.93581 3.14687 
-3.81548 4.09527 
0.190437 0.0813982 
0.819782 -0.455366 
-0.210245 0.42314 
-0.607554 0.762001 
0.356584 -0.0603081 
0.963265 -0.577742 
1.09417 -0.689387 
1.1395 -0.728048 
1.31822 -0.880485 
1.03376 -0.637864 
1.15208 -0.738779 
1.22507 -0.801033 
-2.44428 2.62743 
0.381748 -0.0817699 
-2.93581 3.14687 
0.33392 -0.0409778 
1.10675 -0.700118 
-2.8646 3.07009 
-1.14506 1.2984 
-3.14103 3.36813 
-3.50965 3.76556 
0.0242891 0.223105 
-2.93581 3.14687 
-2.60909 2.79461 
0.359083 -0.0624399 
0.630969 -0.29433 
1.25023 -0.822495 
-2.93581 3.14687 
-2.84363 3.04748 
-3.76937 4.04556 
-3.40075 3.64814 
-2.42055 2.59134 
-2.4373 2.6094 
0.359083 -0.0624399 
-1.96966 2.1128 
-0.0361202 0.274628 
0.82228 -0.457498 
1.08408 -0.680788 
0.975846 -0.588473 
1.25023 -0.822495 
-1.39421 1.59733 
-3.34215 3.58495 
-1.52645 1.69617 
0.27601 0.00841331 
0.847444 -0.478959 
0.487486 -0.171953 
-2.66771 2.85782 
0.0846984 0.171582 
-2.93581 3.14687 
-0.164523 0.384141 
-2.93581 3.14687 
-3.26671 3.50363 
-1.00168 1.17704 
0.203019 0.0706673 
-0.000874162 0.244567 
0.487486 -0.171953 
1.02367 -0.629265 
1.05892 -0.659326 
0.761871 -0.405975 
0.68888 -0.343721 
-2.93581 3.14687 
-0.250096 0.457126 
-0.106612 0.33475 
0.190437 0.0813982 
0.165274 0.10286 
1.02367 -0.629265 
1.45163 -0.994262 
-2.50131 2.69708 
-1.16213 1.30572 
-2.97767 3.19199 
-0.189686 0.405603 
0.844945 -0.476828 
0.844945 -0.476828 
-0.0109569 0.253166 
-0.343252 0.536578 
0.76437 -0.408107 
1.08408 -0.680788 
-2.93581 3.14687 
-3.09499 3.31848 
-3.12009 3.34555 
0.238265 0.0406061 
0.985929 -0.597072 
-2.93581 3.14687 
-3.81548 4.09527 
0.0368708 0.212374 
-0.908922 1.05197 
-0.537062 0.701878 
0.474905 -0.161222 
0.449741 -0.13976 
0.782037 -0.423173 
1.33081 -0.891216 
1.21249 -0.790302 
1.1999 -0.779571 
1.26031 -0.831094 
-0.725072 0.94179 
-0.511899 0.680417 
-0.333169 0.527979 
0.678797 -0.335122 
0.809699 -0.446767 
1.30814 -0.871886 
-2.93581 3.14687 
-0.202268 0.416334 
-1.57003 1.68778 
-2.07288 2.21651 
0.072117 0.182312 
0.618388 -0.283598 
0.630969 -0.29433 
1.15458 -0.740911 
0.701462 -0.354452 
0.68888 -0.343721 
-2.93581 3.14687 
-2.50851 2.68618 
-0.237514 0.446395 
0.487486 -0.171953 
-2.93581 3.14687 
-3.06989 3.29142 
-1.41633 1.57454 
-0.0235386 0.263897 
0.928019 -0.547681 
0.771954 -0.414574 
0.938102 -0.55628 
0.68888 -0.343721 
-2.30329 2.46492 
-0.119194 0.345481 
-0.167022 0.386273 
0.439658 -0.131161 
-2.93581 3.14687 
-3.18296 3.41332 
0.0368708 0.212374 
-2.93581 3.14687 
-0.0235386 0.263897 
0.344003 -0.0495772 
1.10675 -0.700118 
0.0947813 0.162982 
0.761871 -0.405975 
-0.167022 0.386273 
0.464822 -0.152623 
1.16716 -0.751641 
0.988428 -0.599204 
1.26031 -0.831094 
0.902856 -0.526219 
0.271012 0.0126771 
0.666216 -0.32439 
-1.92294 2.08459 
-1.74617 1.86427 
-2.92327 3.13334 
-2.75987 2.95717 
-0.0109569 0.253166 
0.678797 -0.335122 
-1.65962 1.82575 
-0.167022 0.386273 
-1.22982 1.35655 
-0.15444 0.375542 
0.474905 -0.161222 
0.615889 -0.281467 
-2.93581 3.14687 
0.33392 -0.0409778 
0.474905 -0.161222 
1.00859 -0.616403 
-2.93581 3.14687 
-1.94563 2.08748 
-2.34519 2.51009 
0.359083 -0.0624399 
-0.907009 1.06915 
0.547896 -0.223476 
-2.93581 3.14687 
-3.81548 4.09527 
-2.81433 3.01589 
0.072117 0.182312 
0.618388 -0.283598 
1.25023 -0.822495 
1.2729 -0.841825 
1.02367 -0.629265 
1.04634 -0.648595 
1.3333 -0.893348 
1.26031 -0.831094 
0.915437 -0.53695 
-1.34301 1.52814 
-0.46657 0.641756 
0.701462 -0.354452 
1.28548 -0.852556 
-2.93581 3.14687 
0.0494524 0.201643 
0.00162482 0.242435 
0.666216 -0.32439 
0.842446 -0.474696 
1.35597 -0.912678 
1.39122 -0.942739 
0.749289 -0.395244 
-1.24359 1.42153 
0.298674 -0.0109167 
0.51265 -0.193415 
-2.93581 3.14687 
-3.81548 4.09527 
0.359083 -0.0624399 
-0.436802 0.616369 
-0.441407 0.620294 
-0.549644 0.71261 
0.31884 -0.0281153 
-0.561323 0.726764 
-0.167022 0.386273 
0.439658 -0.131161 
-0.368416 0.55804 
-1.2999 1.41345 
-0.557228 0.719077 
0.45224 -0.141892 
1.12941 -0.719449 
0.628471 -0.292198 
0.832363 -0.466097 
0.676298 -0.33299 
1.05642 -0.657194 
-2.93581 3.14687 
0.359083 -0.0624399 
1.11933 -0.710849 
-0.98155 1.18508 
0.666216 -0.32439 
-2.93581 3.14687 
0.203019 0.0706673 
-0.486736 0.658955 
-2.81014 3.01137 
-3.4175 3.6662 
-4.05845 4.35722 
-3.97888 4.27144 
-2.12778 2.31651 
-2.91484 3.12426 
0.359083 -0.0624399 
-1.82397 1.96972 
-0.418742 0.600964 
-1.24554 1.35717 
-0.0940309 0.324019 
-2.21533 2.37009 
0.359083 -0.0624399 
1.04634 -0.648595 
-0.567132 0.774419 
0.522732 -0.202014 
1.17724 -0.760241 
0.9406 -0.558412 
0.547896 -0.223476 
0.487486 -0.171953 
1.17974 -0.762373 
-0.407285 0.624235 
0.404412 -0.1011 
-1.96555 2.11071 
0.20052 0.0727991 
0.988428 -0.599204 
-2.93581 3.14687 
-3.26671 3.50363 
0.359083 -0.0624399 
0.736708 -0.384513 
-2.19166 2.35215 
-2.26144 2.4198 
-0.343252 0.536578 
-0.212351 0.424933 
0.180354 0.0899975 
0.51265 -0.193415 
-0.224932 0.435664 
-2.8311 3.03398 
0.2156 0.0599363 
1.04884 -0.650727 
0.902856 -0.526219 
-1.25764 1.44426 
0.331421 -0.0388461 
0.950683 -0.567011 
0.474905 -0.161222 
0.187938 0.0835301 
-2.93581 3.14687 
-3.81548 4.09527 
0.359083 -0.0624399 
0.736708 -0.384513 
1.05642 -0.657194 
1.21249 -0.790302 
0.0821999 0.173713 
-0.393579 0.579502 
0.238265 0.0406061 
1.05892 -0.659326 
-0.218501 0.431774 
0.797117 -0.436036 
-2.93581 3.14687 
-3.81548 4.09527 
0.0846984 0.171582 
-0.416243 0.598832 
0.547896 -0.223476 
0.857526 -0.487559 
-2.45826 2.632 
-3.12431 3.35009 
-0.308006 0.506517 
-1.71267 1.82815 
-3.20392 3.43592 
0.359083 -0.0624399 
0.950683 -0.567011 
0.248347 0.0320071 
1.05892 -0.659326 
0.641052 -0.302929 
0.0922824 0.165114 
0.0444547 0.205906 
0.963265 -0.577742 
-2.93581 3.14687 
-0.224932 0.435664 
0.618388 -0.283598 
0.761871 -0.405975 
0.177855 0.0921293 
-2.19023 2.34302 
0.00162482 0.242435 
-2.81014 3.01137 
-0.536242 0.701186 
-0.240013 0.448527 
0.43716 -0.129029 
0.344003 -0.0495772 
-2.93581 3.14687 
-0.260179 0.465725 
0.701462 -0.354452 
1.28548 -0.852556 
-2.93581 3.14687 
-1.03709 1.19598 
-1.93043 2.06294 
-0.451489 0.628893 
0.557978 -0.232075 
-1.67377 1.83285 
-3.28768 3.52623 
-0.323425 0.519676 
-2.57561 2.75852 
-0.202268 0.416334 
0.535314 -0.212746 
0.190437 0.0813982 
-0.0109569 0.253166 
-1.22521 1.36032 
-0.106612 0.33475 
0.761871 -0.405975 
-2.93581 3.14687 
-3.81548 4.09527 
0.286092 -0.000185847 
0.666216 -0.32439 
-0.884195 1.06379 
-0.0487019 0.285359 
-2.81014 3.01137 
-3.75262 4.0275 
-4.23017 4.54236 
0.359083 -0.0624399 
0.296175 -0.00878513 
0.547896 -0.223476 
0.784536 -0.425305 
0.975846 -0.588473 
1.22507 -0.801033 
-0.127475 0.352559 
-3.028 3.24625 
-2.38704 2.55521 
0.107363 0.152251 
-1.95142 2.08555 
-0.308006 0.506517 
-0.486736 0.658955 
0.286092 -0.000185847 
-0.804785 0.964763 
0.0846984 0.171582 
0.263428 0.0191443 
-0.560078 0.722508 
-1.01634 1.12872 
-0.0713662 0.304689 
0.905354 -0.528351 
1.39371 -0.944871 
1.57244 -1.09731 
1.63035 -1.1467 
1.04884 -0.650727 
1.46421 -1.00499 
0.500068 -0.182684 
1.18982 -0.770972 
1.5347 -1.06511 
1.70335 -1.20895 
-2.43659 2.64654 
0.439658 -0.131161 
-2.93581 3.14687 
-2.39544 2.56427 
-3.54736 3.8062 
-3.73587 4.00944 
-0.541987 0.747309 
-3.04888 3.26877 
-0.250096 0.457126 
0.107363 0.152251 
0.177855 0.0921293 
-2.93581 3.14687 
0.298674 -0.0109167 
-2.21533 2.37009 
0.359083 -0.0624399 
-2.93581 3.14687 
-0.189686 0.405603 
0.844945 -0.476828 
-2.93581 3.14687 
-3.22486 3.4585 
-1.51561 1.67865 
0.0368708 0.212374 
-2.21533 2.37009 
-0.451489 0.628893 
-1.62049 1.72878 
-0.569809 0.729808 
0.308757 -0.0195159 
-2.93581 3.14687 
-3.81548 4.09527 
-2.63006 2.81721 
-3.27936 3.51726 
-0.0109569 0.253166 
0.643551 -0.30506 
-2.93581 3.14687 
-0.39108 0.577371 
-0.237514 0.446395 
-0.189686 0.405603 
-0.333169 0.527979 
-0.902427 1.02573 
-0.451489 0.628893 
-1.67496 1.78749 
-3.18296 3.41332 
0.359083 -0.0624399 
-1.9374 2.08094 
-2.1483 2.29782 
-0.0940309 0.324019 
-0.240013 0.448527 
0.401914 -0.0989683 
1.14199 -0.73018 
1.32072 -0.882617 
1.24773 -0.820363 
1.23765 -0.811764 
1.36855 -0.923409 
1.39371 -0.944871 
0.464822 -0.152623 
-2.62167 2.80817 
-0.0587847 0.293958 
0.45224 -0.141892 
0.867609 -0.496158 
-0.623613 0.818409 
0.235766 0.042738 
-1.12297 1.274 
-1.72521 1.84167 
-0.212351 0.424933 
-2.93581 3.14687 
-3.81548 4.09527 
-4.25953 4.57402 
-3.42589 3.67524 
0.00162482 0.242435 
-1.69985 1.82774 
0.381748 -0.0817699 
1.03626 -0.639996 
0.905354 -0.528351 
1.39371 -0.944871 
-2.93581 3.14687 
-0.237514 0.446395 
-2.8311 3.03398 
-1.09606 1.24848 
-2.34933 2.51457 
-2.50011 2.67713 
-2.21946 2.37454 
0.359083 -0.0624399 
0.809699 -0.446767 
0.072117 0.182312 
-1.28273 1.42175 
-0.224932 0.435664 
-2.93581 3.14687 
-3.16621 3.39526 
-0.947214 1.11832 
-1.56332 1.67471 
-3.14946 3.3772 
-0.119194 0.345481 
-2.27398 2.43333 
-0.224932 0.435664 
0.203019 0.0706673 
0.427077 -0.12043 
0.985929 -0.597072 
0.130028 0.132921 
-2.27398 2.43333 
0.072117 0.182312 
0.165274 0.10286 
0.892773 -0.51762 
1.35597 -0.912678 
1.41388 -0.962069 
1.51203 -1.04579 
-1.034 1.25853 
-3.29602 3.53522 
-0.0940309 0.324019 
0.0217904 0.225237 
0.819782 -0.455366 
-0.141859 0.364811 
-0.582391 0.740539 
0.416994 -0.111831 
1.14449 -0.732311 
0.857526 -0.487559 
0.0469537 0.203774 
-1.95142 2.08555 
0.359083 -0.0624399 
0.165274 0.10286 
-0.0612833 0.29609 
0.273511 0.0105451 
0.404412 -0.1011 
0.439658 -0.131161 
0.749289 -0.395244 
-1.06869 1.2493 
-3.19131 3.42233 
-3.94529 4.23523 
-4.31813 4.6372 
-2.78916 2.98876 
0.359083 -0.0624399 
-0.99238 1.15303 
-3.11596 3.34109 
0.238265 0.0406061 
0.0217904 0.225237 
-2.93581 3.14687 
-0.465545 0.640885 
0.703961 -0.356584 
0.82228 -0.457498 
1.15458 -0.740911 
-2.90232 3.11075 
-0.177105 0.394872 
-2.93581 3.14687 
0.0595353 0.193043 
-2.93581 3.14687 
-3.81548 4.09527 
-1.81723 2.00385 
-3.42589 3.67524 
0.0972801 0.160851 
0.714043 -0.365183 
0.630969 -0.29433 
0.142609 0.12219 
-2.93581 3.14687 
0.228182 0.0492053 
0.870108 -0.49829 
-0.255551 0.461789 
0.668714 -0.326522 
0.726625 -0.375914 
-2.93581 3.14687 
-0.575025 0.742114 
0.0117077 0.233836 
-2.93581 3.14687 
-0.39108 0.577371 
-1.67496 1.78749 
-3.18296 3.41332 
-0.0940309 0.324019 
-2.16086 2.31137 
-0.665465 0.811392 
-0.0587847 0.293958 
-2.93581 3.14687 
-0.141859 0.364811 
-1.64414 1.76477 
-0.428825 0.609564 
-1.65821 1.76944 
-1.94299 2.07648 
-0.0814492 0.313288 
-0.650581 0.798698 
-2.66771 2.85782 
-0.0940309 0.324019 
0.391831 -0.090369 
-1.95415 2.099 
-2.45404 2.62745 
-2.56297 2.74489 
0.0846984 0.171582 
0.0368708 0.212374 
-2.93581 3.14687 
-0.141859 0.364811 
0.714043 -0.365183 
0.547896 -0.223476 
-2.93581 3.14687 
-2.63419 2.82168 
-0.555522 0.717624 
-1.19402 1.29872 
-0.0839479 0.31542 
0.0217904 0.225237 
0.794618 -0.433904 
-2.91907 3.12881 
0.238265 0.0406061 
1.05892 -0.659326 
-0.132299 0.356665 
0.532815 -0.210614 
1.2024 -0.781703 
0.797117 -0.436036 
-2.05026 2.21604 
-0.58489 0.742671 
-1.78389 1.90493 
0.00162482 0.242435 
0.832363 -0.466097 
-1.41873 1.5987 
-0.416243 0.598832 
0.248347 0.0320071 
-2.05615 2.19847 
-0.27276 0.476456 
0.119945 0.14152 
-2.27398 2.43333 
0.0972801 0.160851 
-1.7293 1.86183 
0.391831 -0.090369 
0.892773 -0.51762 
0.714043 -0.365183 
1.29806 -0.863287 
-2.93581 3.14687 
-3.62701 3.89207 
-4.09195 4.39334 
-1.34652 1.55408 
-1.99332 2.13072 
-0.725874 0.862915 
0.346502 -0.0517089 
0.761871 -0.405975 
0.248347 0.0320071 
-0.0839479 0.31542 
0.283594 0.00194597 
-2.17761 2.32943 
-2.73473 2.93008 
-0.0235386 0.263897 
-0.109111 0.336882 
0.14011 0.124322 
-0.192185 0.407735 
0.273511 0.0105451 
1.0715 -0.670057 
-2.93581 3.14687 
0.359083 -0.0624399 
0.356584 -0.0603081 
-0.393579 0.579502 
-2.62167 2.80817 
-1.56263 1.69613 
-0.167022 0.386273 
0.464822 -0.152623 
-0.617033 0.789739 
-3.04053 3.25977 
0.0494524 0.201643 
0.321338 -0.030247 
0.857526 -0.487559 
-0.195361 0.410446 
0.45224 -0.141892 
-2.93581 3.14687 
0.359083 -0.0624399 
0.286092 -0.000185847 
-0.000874162 0.244567 
-2.93581 3.14687 
-0.416243 0.598832 
0.641052 -0.302929 
-2.93581 3.14687 
-2.06032 2.20297 
-2.37869 2.54621 
-3.07824 3.30041 
-3.89091 4.17659 
-3.97054 4.26244 
-4.33075 4.65079 
0.2156 0.0599363 
0.381748 -0.0817699 
-2.93581 3.14687 
-3.24996 3.48557 
0.359083 -0.0624399 
-2.13576 2.2843 
-1.97658 2.11267 
-1.4431 1.54802 
0.225683 0.0513372 
-2.1064 2.25265 
-3.2835 3.52172 
-0.129277 0.35408 
0.072117 0.182312 
0.583142 -0.253537 
-2.93581 3.14687 
0.359083 -0.0624399 
-0.403662 0.588101 
-2.68032 2.87141 
-3.6898 3.95977 
-0.146387 0.368678 
-0.938528 1.07282 
-0.0587847 0.293958 
-1.00015 1.13633 
0.366667 -0.0689071 
0.892773 -0.51762 
0.0821999 0.173713 
-2.5002 2.67722 
-0.0940309 0.324019 
-2.93581 3.14687 
-2.83108 3.03395 
-3.76523 4.04109 
-0.814784 1.01694 
-0.345751 0.53871 
0.273511 0.0105451 
0.248347 0.0320071 
-2.93581 3.14687 
-3.50133 3.75657 
0.346502 -0.0517089 
0.691379 -0.345852 
-0.237514 0.446395 
-2.6007 2.78557 
-3.64789 3.91459 
-4.1757 4.48364 
-4.43539 4.76362 
-2.86037 3.06554 
-2.83949 3.04301 
-0.333169 0.527979 
0.404412 -0.1011 
0.759372 -0.403843 
0.928019 -0.547681 
1.17724 -0.760241 
1.22507 -0.801033 
0.379249 -0.0796381 
-2.93581 3.14687 
-3.81548 4.09527 
0.167772 0.100729 
-1.02495 1.17415 
0.177855 0.0921293 
-2.93581 3.14687 
0.0494524 0.201643 
0.0846984 0.171582 
0.691379 -0.345852 
1.28548 -0.852556 
1.08158 -0.678657 
-1.75578 1.94285 
-1.69025 1.81448 
-2.37451 2.5417 
0.359083 -0.0624399 
-0.70405 0.86957 
0.474905 -0.161222 
0.628471 -0.292198 
-0.295621 0.495956 
0.203019 0.0706673 
0.857526 -0.487559 
1.28298 -0.850424 
1.58253 -1.10591 
0.500068 -0.182684 
-0.109111 0.336882 
-0.655382 0.802793 
-2.68032 2.87141 
0.0117077 0.233836 
-0.511899 0.680417 
-0.547145 0.710478 
-0.453988 0.631025 
-1.9095 2.04036 
-3.30443 3.54429 
-2.5085 2.68617 
-0.237514 0.446395 
0.809699 -0.446767 
0.857526 -0.487559 
-1.75189 1.92758 
0.477404 -0.163354 
-0.333169 0.527979 
-2.76409 2.96173 
-1.60159 1.74105 
-2.36195 2.52816 
0.0972801 0.160851 
-2.66771 2.85782 
-3.6814 3.95072 
-4.19245 4.5017 
-3.40495 3.65266 
-2.60903 2.79454 
0.359083 -0.0624399 
-0.622867 0.79021 
0.0696182 0.184444 
-0.345751 0.53871 
-1.0845 1.20279 
-0.21485 0.427065 
0.615889 -0.281467 
0.389332 -0.0882373 
0.379249 -0.0796381 
-0.370914 0.560172 
-0.0260373 0.266029 
-1.84249 1.96811 
0.359083 -0.0624399 
1.02367 -0.629265 
0.902856 -0.526219 
1.1395 -0.728048 
1.50954 -1.04365 
-2.93581 3.14687 
0.0494524 0.201643 
-2.93581 3.14687 
-0.497539 0.668176 
0.666216 -0.32439 
-2.23208 2.38814 
-0.486736 0.658955 
0.522732 -0.202014 
-2.93581 3.14687 
-2.65094 2.83974 
-2.09804 2.24363 
-2.15664 2.30681 
-0.189686 0.405603 
-2.93581 3.14687 
-0.237514 0.446395 
-0.224932 0.435664 
-2.93581 3.14687 
0.263428 0.0191443 
1.0715 -0.670057 
1.47679 -1.01572 
1.67818 -1.18749 
-0.931563 1.16733 
-3.29602 3.53522 
-3.39239 3.63912 
-0.24665 0.454189 
0.68888 -0.343721 
0.928019 -0.547681 
-2.93581 3.14687 
-2.98606 3.20105 
-2.57972 2.76296 
-0.355834 0.547309 
-0.202268 0.416334 
-2.93581 3.14687 
-3.81548 4.09527 
-4.07106 4.37082 
-4.0166 4.3121 
-4.35585 4.67786 
-4.52757 4.863 
-4.61553 4.95784 
-3.83645 4.11787 
-0.252011 0.467902 
0.344003 -0.0495772 
-1.23476 1.38928 
0.235766 0.042738 
-2.93581 3.14687 
-2.14828 2.2978 
0.190437 0.0813982 
-2.44151 2.61395 
-0.841926 0.979737 
-1.4029 1.49884 
0.0696182 0.184444 
0.0947813 0.162982 
-0.131776 0.356212 
-2.41641 2.58688 
-2.83531 3.03851 
0.0595353 0.193043 
-2.93581 3.14687 
-3.81548 4.09527 
-1.47692 1.67017 
-2.01429 2.15334 
-1.41209 1.52041 
-0.582391 0.740539 
0.439658 -0.131161 
1.09417 -0.689387 
-2.93581 3.14687 
0.359083 -0.0624399 
-1.62516 1.77462 
-3.26671 3.50363 
0.0972801 0.160851 
-2.93581 3.14687 
-0.333169 0.527979 
-0.70321 0.843585 
-0.227431 0.437796 
-2.93581 3.14687 
-0.189686 0.405603 
0.844945 -0.476828 
0.953182 -0.569143 
-0.309725 0.516136 
-0.0587847 0.293958 
-2.93581 3.14687 
-3.69822 3.96885 
-2.60069 2.78556 
-0.579542 0.738111 
0.500068 -0.182684 
0.8072 -0.444635 
0.557978 -0.232075 
0.749289 -0.395244 
-0.69504 0.882004 
-0.131776 0.356212 
0.0368708 0.212374 
0.203019 0.0706673 
-2.93581 3.14687 
-3.81548 4.09527 
-0.985647 1.18715 
-0.000874162 0.244567 
-2.03518 2.17586 
-0.557228 0.719077 
-2.31583 2.47845 
-0.237514 0.446395 
-0.723572 0.860952 
-2.58395 2.76751 
-0.621022 0.773492 
-2.96511 3.17846 
0.33392 -0.0409778 
1.10675 -0.700118 
-1.5134 1.70659 
-2.55462 2.73589 
-3.62701 3.89207 
-4.16316 4.47012 
-1.29582 1.50815 
-2.66357 2.85334 
-2.23207 2.38813 
0.359083 -0.0624399 
-2.16086 2.31137 
-0.474154 0.648224 
-2.44151 2.61395 
-3.56834 3.82882 
-3.76524 4.04111 
0.359083 -0.0624399 
-2.93581 3.14687 
-3.81548 4.09527 
-4.25953 4.57402 
-4.17991 4.48818 
-0.85352 1.07503 
-2.94002 3.1514 
-3.02797 3.24623 
-2.47498 2.65003 
-3.58086 3.84232 
0.228182 0.0492053 
-0.285342 0.487187 
-2.47923 2.65461 
-3.58931 3.85142 
-2.62579 2.81262 
0.250846 0.0298753 
0.2156 0.0599363 
-2.93581 3.14687 
-1.80299 1.9471 
-0.0260373 0.266029 
0.283594 0.00194597 
0.354086 -0.0581762 
-0.933968 1.09472 
-3.09921 3.32303 
-3.62694 3.892 
-4.15895 4.46559 
-3.22067 3.45398 
-3.95791 4.24882 
0.203019 0.0706673 
-0.519876 0.687223 
-1.56602 1.67004 
-3.13271 3.35914 
0.2156 0.0599363 
0.643551 -0.30506 
1.09417 -0.689387 
-2.93581 3.14687 
0.0242891 0.223105 
-0.464071 0.639624 
-0.416243 0.598832 
-0.829507 0.951305 
0.522732 -0.202014 
-0.687003 0.86226 
-0.738456 0.873646 
-1.88439 2.0133 
-0.260179 0.465725 
0.462323 -0.150491 
-2.88135 3.08815 
-3.78611 4.06361 
-3.47197 3.72492 
-0.200525 0.414848 
0.45224 -0.141892 
0.107363 0.152251 
0.963265 -0.577742 
1.29556 -0.861155 
-2.93581 3.14687 
-1.80299 1.9471 
-0.851821 0.970339 
0.271012 0.0126771 
-2.23208 2.38814 
-3.46783 3.72046 
-2.47088 2.6456 
-0.547145 0.710478 
0.0469537 0.203774 
0.57056 -0.242806 
1.12941 -0.719449 
-0.868114 1.07386 
0.487486 -0.171953 
-2.93581 3.14687 
-2.14828 2.2978 
-0.0814492 0.313288 
0.774453 -0.416706 
0.145108 0.120059 
1.01359 -0.620666 
-2.93581 3.14687 
-0.333169 0.527979 
-0.21485 0.427065 
-2.93581 3.14687 
-1.06521 1.22338 
-2.16086 2.31135 
-3.43011 3.67978 
-3.30443 3.54429 
-2.94834 3.16037 
-3.82383 4.10428 
0.250846 0.0298753 
-2.93581 3.14687 
-0.457764 0.634248 
-2.95256 3.16493 
-3.82383 4.10428 
-4.26367 4.57848 
-1.43449 1.64891 
-0.89063 1.04041 
0.57056 -0.242806 
-2.93581 3.14687 
-0.046203 0.283227 
0.618388 -0.283598 
-1.71867 1.88069 
-1.45824 1.5725 
-3.1285 3.35461 
-3.37564 3.62106 
-3.16621 3.39526 
-3.1955 3.42685 
-0.189686 0.405603 
-0.441407 0.620294 
-0.70321 0.843585 
0.583142 -0.253537 
-2.35776 2.52364 
-1.89695 2.02683 
0.359083 -0.0624399 
0.510151 -0.191283 
1.15208 -0.738779 
1.28548 -0.852556 
-2.93581 3.14687 
-0.320588 0.517248 
0.130028 0.132921 
-0.333169 0.527979 
-2.93581 3.14687 
-0.106612 0.33475 
-2.11901 2.26624 
-0.189686 0.405603 
-0.655382 0.802793 
-2.93581 3.14687 
-1.86445 2.00812 
0.39433 -0.0925009 
0.739207 -0.386645 
-2.66771 2.85782 
-0.177105 0.394872 
0.787034 -0.427437 
-2.21682 2.37928 
-2.66357 2.85335 
-0.866627 1.01511 
0.573059 -0.244938 
0.39433 -0.0925009 
-0.368416 0.55804 
0.0846984 0.171582 
-2.93581 3.14687 
-1.54807 1.69733 
-0.0814492 0.313288 
0.668714 -0.326522 
1.08408 -0.680788 
-2.93581 3.14687 
0.119945 0.14152 
-1.45048 1.5892 
0.0117077 0.233836 
-0.0713662 0.304689 
-0.441407 0.620294 
-2.93581 3.14687 
-0.106612 0.33475 
0.88269 -0.509021 
0.500068 -0.182684 
-2.93581 3.14687 
0.359083 -0.0624399 
-2.93581 3.14687 
0.072117 0.182312 
0.784536 -0.425305 
0.666216 -0.32439 
-2.93581 3.14687 
0.359083 -0.0624399 
-2.93581 3.14687 
-3.81548 4.09527 
-2.59234 2.77655 
0.359083 -0.0624399 
-1.19114 1.34808 
-2.06867 2.21197 
-1.65812 1.76934 
-0.202268 0.416334 
-2.08965 2.23459 
-3.39662 3.64368 
-4.04589 4.34369 
-4.23017 4.54236 
-2.47728 2.67174 
-2.05189 2.19388 
-0.046203 0.283227 
-2.93581 3.14687 
0.0242891 0.223105 
-2.93581 3.14687 
-1.34512 1.49776 
-3.09079 3.31395 
-2.86873 3.07454 
0.00162482 0.242435 
0.583142 -0.253537 
-0.0361202 0.274628 
0.225683 0.0513372 
0.975846 -0.588473 
-2.93581 3.14687 
-3.81548 4.09527 
0.238265 0.0406061 
0.0821999 0.173713 
-2.0813 2.22558 
-2.51274 2.69074 
-0.615335 0.768637 
-1.68331 1.7965 
-0.15444 0.375542 
-2.91907 3.12881 
-3.80708 4.08622 
-4.25114 4.56497 
-4.4731 4.80428 
-0.396558 0.640651 
-1.98071 2.11714 
0.359083 -0.0624399 
-2.3703 2.53717 
-0.295425 0.495786 
-0.940058 1.06396 
-0.368416 0.55804 
-2.30329 2.46492 
-2.24047 2.3972 
-3.46783 3.72046 
-2.82275 3.02497 
-0.177105 0.394872 
0.847444 -0.478959 
-2.93581 3.14687 
-0.285342 0.487187 
0.474905 -0.161222 
0.0821999 0.173713 
0.759372 -0.403843 
-2.5672 2.74946 
-0.0713662 0.304689 
0.213101 0.0620681 
0.0570365 0.195175 
0.0696182 0.184444 
-2.90232 3.11075 
-3.5558 3.81529 
-2.67191 2.86234 
-3.68561 3.95525 
-1.89279 2.07191 
0.107363 0.152251 
-1.15379 1.29673 
-0.0109569 0.253166 
0.930518 -0.549813 
0.608305 -0.274999 
-0.305704 0.504555 
0.439658 -0.131161 
0.771954 -0.414574 
-2.32845 2.49204 
0.359083 -0.0624399 
1.11933 -0.710849 
0.0821999 0.173713 
-2.66771 2.85782 
0.359083 -0.0624399 
0.653634 -0.31366 
1.16716 -0.751641 
-2.93581 3.14687 
0.359083 -0.0624399 
0.928019 -0.547681 
0.283594 0.00194597 
-2.93581 3.14687 
-3.81548 4.09527 
-0.786895 0.99211 
-3.17462 3.40433 
-3.93695 4.22623 
-1.96534 2.15537 
-0.237514 0.446395 
0.308757 -0.0195159 
-0.240013 0.448527 
-2.93581 3.14687 
0.359083 -0.0624399 
-1.88008 2.02439 
-0.632718 0.783463 
0.0947813 0.162982 
-0.106612 0.33475 
-2.62167 2.80817 
-3.45941 3.71138 
-4.07939 4.3798 
-1.65871 1.86034 
-1.66345 1.79376 
-2.35355 2.51911 
-3.50968 3.76558 
-1.91827 2.08829 
-3.40914 3.65718 
-0.333473 0.528251 
0.761871 -0.405975 
-0.119194 0.345481 
0.784536 -0.425305 
0.391831 -0.090369 
-1.00913 1.17108 
-2.93581 3.14687 
-1.34512 1.49776 
-1.12681 1.23966 
-2.03104 2.17139 
-1.62049 1.72876 
-2.61323 2.79909 
-0.486736 0.658955 
-0.572308 0.73194 
-1.47816 1.57765 
0.286092 -0.000185847 
0.560477 -0.234207 
-2.69288 2.88495 
-0.308006 0.506517 
0.00162482 0.242435 
0.784536 -0.425305 
1.22507 -0.801033 
0.950683 -0.567011 
0.308757 -0.0195159 
-2.93581 3.14687 
-0.403662 0.588101 
-2.3703 2.53717 
-0.724494 0.861862 
0.573059 -0.244938 
1.22757 -0.803164 
0.192936 0.0792665 
-2.93581 3.14687 
0.0368708 0.212374 
0.072117 0.182312 
-2.93581 3.14687 
-3.11174 3.33654 
-2.27396 2.4333 
-1.7252 1.84166 
0.238265 0.0406061 
0.391831 -0.090369 
0.560477 -0.234207 
0.867609 -0.496158 
-1.2856 1.46916 
-2.64254 2.83068 
-3.66886 3.93719 
-0.136707 0.360421 
-2.95256 3.16493 
-1.09742 1.25519 
-0.524481 0.691148 
-0.202268 0.416334 
-2.45826 2.632 
-3.5809 3.84236 
-4.14221 4.44753 
-4.41864 4.74556 
0.359083 -0.0624399 
0.797117 -0.436036 
1.3333 -0.893348 
1.30814 -0.871886 
-1.63909 1.8421 
-0.0235386 0.263897 
-2.93581 3.14687 
-0.0713662 0.304689 
-2.5672 2.74946 
-0.295425 0.495786 
-2.77664 2.97526 
-1.81709 1.95415 
-3.29181 3.53069 
-1.18491 1.35827 
0.573059 -0.244938 
0.381748 -0.0817699 
0.784536 -0.425305 
0.975846 -0.588473 
1.34339 -0.901947 
1.21499 -0.792434 
1.15458 -0.740911 
0.500068 -0.182684 
-2.93581 3.14687 
-0.224932 0.435664 
0.82228 -0.457498 
-1.57268 1.74835 
-0.141859 0.364811 
0.870108 -0.49829 
1.37105 -0.925541 
1.00101 -0.609935 
0.107363 0.152251 
0.225683 0.0513372 
-2.93581 3.14687 
-1.66151 1.80855 
-0.368416 0.55804 
-2.93581 3.14687 
-2.73056 2.92558 
-0.189686 0.405603 
0.844945 -0.476828 
-2.6007 2.78557 
-2.65094 2.83974 
0.0846984 0.171582 
-2.03518 2.17586 
0.311256 -0.0216478 
-2.93581 3.14687 
0.359083 -0.0624399 
0.404412 -0.1011 
-2.93581 3.14687 
-3.23742 3.47204 
-0.927661 1.10248 
-0.252594 0.459258 
-2.74735 2.94367 
-2.50019 2.6772 
0.298674 -0.0109167 
0.928019 -0.547681 
-0.292976 0.498078 
-3.028 3.24625 
-0.177105 0.394872 
-1.47756 1.59916 
0.0494524 0.201643 
0.666216 -0.32439 
1.24773 -0.820363 
-2.93581 3.14687 
-0.416243 0.598832 
-2.93581 3.14687 
-3.44686 3.69785 
0.072117 0.182312 
-1.13704 1.27867 
-3.10753 3.33201 
-0.435386 0.615167 
-2.67613 2.86689 
-3.33374 3.5759 
-4.02073 4.31656 
0.228182 0.0492053 
-2.93581 3.14687 
-3.67305 3.94171 
-4.18832 4.49724 
-2.72215 2.91651 
-2.93581 3.14687 
-1.77495 1.91978 
-0.320588 0.517248 
0.547896 -0.223476 
-2.93581 3.14687 
-3.06989 3.29142 
0.359083 -0.0624399 
0.583142 -0.253537 
0.975846 -0.588473 
-0.0713662 0.304689 
0.273511 0.0105451 
0.867609 -0.496158 
0.998511 -0.607803 
-2.93581 3.14687 
-0.046203 0.283227 
-1.9095 2.04036 
-0.511899 0.680417 
-1.65821 1.76944 
-2.06867 2.21197 
0.263428 0.0191443 
-2.93581 3.14687 
-0.891402 1.0529 
0.464822 -0.152623 
-1.4205 1.57904 
-1.81317 1.9365 
0.33392 -0.0409778 
-0.0612833 0.29609 
-2.81014 3.01137 
0.321338 -0.030247 
0.2156 0.0599363 
0.844945 -0.476828 
1.35847 -0.91481 
-2.93581 3.14687 
0.107363 0.152251 
-2.93581 3.14687 
-3.02797 3.24623 
-0.295425 0.495786 
-0.594973 0.75127 
-2.93581 3.14687 
-3.81548 4.09527 
-0.588099 0.797021 
-3.1285 3.35461 
-3.09499 3.31848 
0.0242891 0.223105 
-0.451489 0.628893 
-0.808948 0.933768 
-2.55045 2.7314 
-0.872534 1.01565 
-3.03219 3.25077 
-0.285342 0.487187 
-2.93581 3.14687 
-0.164523 0.384141 
-0.237514 0.446395 
0.190437 0.0813982 
-2.93581 3.14687 
-0.975632 1.13497 
-3.10753 3.33201 
-3.89924 4.18557 
0.0595353 0.193043 
0.965764 -0.579874 
-2.93581 3.14687 
-1.89671 2.03998 
-1.53806 1.64515 
-3.13271 3.35914 
0.286092 -0.000185847 
-2.93581 3.14687 
-1.08907 1.24619 
-1.52436 1.6298 
-3.12428 3.35007 
-0.784776 0.957178 
-0.665465 0.811392 
-2.93581 3.14687 
-1.75102 1.8969 
-0.406161 0.590233 
0.20052 0.0727991 
0.666216 -0.32439 
-0.0361202 0.274628 
-2.93581 3.14687 
0.359083 -0.0624399 
-2.93581 3.14687 
-3.81548 4.09527 
-4.25953 4.57402 
-2.12452 2.32699 
-1.6379 1.77494 
-0.82153 0.944499 
0.119945 0.14152 
0.618388 -0.283598 
1.21249 -0.790302 
0.832363 -0.466097 
-2.93581 3.14687 
-3.81548 4.09527 
-2.10556 2.2873 
-0.582391 0.740539 
-0.974327 1.08109 
0.142609 0.12219 
0.628471 -0.292198 
-2.93581 3.14687 
-1.40543 1.55696 
-2.4792 2.65458 
-3.16201 3.39074 
-3.07825 3.30044 
-0.415415 0.59813 
-2.96931 3.18299 
0.359083 -0.0624399 
-2.35776 2.52364 
-3.40075 3.64814 
0.263428 0.0191443 
-2.93581 3.14687 
-0.919521 1.0803 
-3.04475 3.26431 
-0.600284 0.77168 
-3.028 3.24625 
0.0972801 0.160851 
0.988428 -0.599204 
1.12941 -0.719449 
1.16466 -0.74951 
0.545397 -0.221345 
0.877692 -0.504757 
1.30564 -0.869754 
1.4013 -0.951338 
0.938102 -0.55628 
0.487486 -0.171953 
0.905354 -0.528351 
0.905354 -0.528351 
0.142609 0.12219 
1.01109 -0.618534 
-2.93581 3.14687 
0.273511 0.0105451 
0.522732 -0.202014 
-1.17828 1.34529 
-2.14409 2.29328 
-1.98491 2.12166 
-2.86459 3.07008 
-3.78198 4.05915 
0.0494524 0.201643 
-0.403662 0.588101 
-2.93581 3.14687 
-2.37028 2.53714 
0.263428 0.0191443 
0.248347 0.0320071 
-2.93581 3.14687 
0.359083 -0.0624399 
0.809699 -0.446767 
-2.60911 2.79464 
-2.8395 3.04303 
0.298674 -0.0109167 
-2.55045 2.7314 
-1.12853 1.26716 
0.502567 -0.184816 
-0.586024 0.762134 
-2.05613 2.19845 
-0.630219 0.781331 
-2.69288 2.88495 
0.298674 -0.0109167 
1.03626 -0.639996 
1.35847 -0.91481 
-1.98056 2.17995 
-3.50968 3.76558 
-3.30444 3.5443 
0.311256 -0.0216478 
0.404412 -0.1011 
-2.93581 3.14687 
-2.43729 2.60939 
0.359083 -0.0624399 
-0.202268 0.416334 
-2.25723 2.41527 
-2.00587 2.14426 
0.0117077 0.233836 
0.9406 -0.558412 
1.3333 -0.893348 
1.56995 -1.09518 
-2.93581 3.14687 
-2.74731 2.94363 
-3.72752 4.00043 
0.0494524 0.201643 
0.666216 -0.32439 
-2.93581 3.14687 
-2.32422 2.48749 
0.33392 -0.0409778 
-0.0713662 0.304689 
-1.99333 2.13073 
-0.735957 0.871514 
-2.93581 3.14687 
-2.37869 2.54621 
-3.11174 3.33654 
0.33392 -0.0409778 
-2.93581 3.14687 
-3.81548 4.09527 
0.359083 -0.0624399 
0.809699 -0.446767 
-1.97444 2.14303 
0.072117 0.182312 
-2.24883 2.4062 
-3.47197 3.72492 
0.359083 -0.0624399 
1.11933 -0.710849 
-2.93581 3.14687 
-3.81548 4.09527 
0.119945 0.14152 
0.832363 -0.466097 
1.08158 -0.678657 
0.107363 0.152251 
0.107363 0.152251 
0.535314 -0.212746 
1.14199 -0.73018 
0.928019 -0.547681 
0.605806 -0.272868 
-1.56463 1.7286 
0.487486 -0.171953 
0.298674 -0.0109167 
-0.131776 0.356212 
-1.06863 1.19967 
-2.08964 2.23458 
-3.11174 3.33654 
0.359083 -0.0624399 
-2.66771 2.85782 
-2.75566 2.95264 
0.0368708 0.212374 
-2.93581 3.14687 
-3.54737 3.80622 
-2.25139 2.41714 
-3.4929 3.74749 
-2.60487 2.79007 
-3.65208 3.9191 
-4.17148 4.47909 
-4.43539 4.76362 
0.2156 0.0599363 
-1.96396 2.09908 
-1.55762 1.66099 
0.33392 -0.0409778 
-2.1064 2.25265 
